GC	WINDOWS	READ_STARTS	MEAN_BASE_QUALITY	NORMALIZED_COVERAGE	ERROR_BAR_WIDTH	sample	COV
0	134	160	17	4.27363	0.33786	aDNA	177.653699356181
1	128	32	17	0.894791	0.158178	aDNA	37.1962316112102
2	284	97	16	1.222461	0.124122	aDNA	50.8173891910755
3	334	79	17	0.846569	0.095246	aDNA	35.1916554802972
4	586	176	17	1.074971	0.081029	aDNA	44.6862678450434
5	881	243	17	0.987216	0.06333	aDNA	41.0383150772554
6	1734	473	17	0.976324	0.044891	aDNA	40.5855374401209
7	3729	1019	17	0.978056	0.030639	aDNA	40.657536234421
8	8141	2301	17	1.011627	0.021089	aDNA	42.0530740655122
9	16808	4589	17	0.977201	0.014425	aDNA	40.6219941044403
10	34763	9554	17	0.983671	0.010064	aDNA	40.8909503394991
11	69810	19508	17	1.000177	0.007161	aDNA	41.5771005119691
12	130051	35971	17	0.989967	0.00522	aDNA	41.1526734393338
13	225313	62749	17	0.996787	0.003979	aDNA	41.4361790843262
14	366008	102302	17	1.000404	0.003128	aDNA	41.5865368435547
15	556676	155535	17	1.000017	0.002536	aDNA	41.5704493531423
16	800615	222964	17	0.996765	0.002111	aDNA	41.4352645499876
17	1090671	304407	17	0.998947	0.001811	aDNA	41.5259697284881
18	1418273	395486	17	0.998052	0.001587	aDNA	41.4887648088007
19	1774919	496173	17	1.000544	0.00142	aDNA	41.5923566075281
20	2152468	602265	17	1.001458	0.00129	aDNA	41.6303513523262
21	2542014	709171	17	0.998515	0.001186	aDNA	41.5080115996557
22	2928897	819436	17	1.001366	0.001106	aDNA	41.6265269360008
23	3296894	922161	17	1.001114	0.001043	aDNA	41.6160513608486
24	3640966	1017198	17	0.999932	0.000991	aDNA	41.5669159250156
25	3947965	1104424	17	1.001254	0.000953	aDNA	41.6218711248221
26	4186891	1171540	17	1.001491	0.000925	aDNA	41.6317231538343
27	4342177	1211948	17	0.998983	0.000907	aDNA	41.5274662392241
28	4398905	1229750	17	1.000585	0.000902	aDNA	41.5940609669775
29	4357284	1216847	17	0.999544	0.000906	aDNA	41.5507868648606
30	4224385	1181085	17	1.00069	0.000921	aDNA	41.5984257899576
31	3994228	1116939	17	1.000872	0.000947	aDNA	41.6059914831231
32	3689416	1030526	17	0.999731	0.000985	aDNA	41.5585604067394
33	3323630	928272	17	0.999642	0.001038	aDNA	41.554860699642
34	2921606	817082	17	1.000981	0.001107	aDNA	41.6105225850738
35	2506143	700318	17	1.000164	0.001195	aDNA	41.5765601053145
36	2088773	583797	17	1.000351	0.001309	aDNA	41.5843336471933
37	1692915	472720	17	0.999426	0.001454	aDNA	41.5458816352258
38	1339228	373799	17	0.999	0.001634	aDNA	41.5281729248495
39	1030095	287622	17	0.999371	0.001863	aDNA	41.5435952993791
40	762712	212179	17	0.995689	0.002162	aDNA	41.3905355068773
41	551367	153167	17	0.994274	0.002541	aDNA	41.3317143210028
42	391418	109071	17	0.997356	0.00302	aDNA	41.4598322679041
43	267733	74597	17	0.997244	0.003651	aDNA	41.4551764567253
44	178016	49327	17	0.991762	0.004465	aDNA	41.227291127422
45	115350	32121	17	0.996674	0.005561	aDNA	41.4314817034048
46	74972	20916	17	0.99853	0.006904	aDNA	41.5086351457957
47	47573	13288	17	0.999726	0.008673	aDNA	41.5583525580261
48	29860	8420	17	1.009262	0.010999	aDNA	41.9547616241035
49	19161	5402	17	1.009063	0.013729	aDNA	41.9464892453127
50	11935	3295	17	0.988132	0.017214	aDNA	41.0763929615389
51	7172	1933	17	0.964658	0.021941	aDNA	40.1005848221616
52	4961	1369	17	0.987679	0.026694	aDNA	41.0575618681105
53	3691	1052	17	1.020125	0.031452	aDNA	42.4063337387008
54	2984	810	17	0.971556	0.034137	aDNA	40.3873329070821
55	1836	461	17	0.89869	0.041856	aDNA	37.3583120378708
56	1510	358	17	0.84857	0.044848	aDNA	35.2748365353749
57	1275	293	17	0.822506	0.048051	aDNA	34.1913627624887
58	922	211	17	0.819093	0.056389	aDNA	34.0494852307645
59	641	157	17	0.876644	0.069964	aDNA	36.4418654910228
60	530	122	17	0.823883	0.074591	aDNA	34.2486042981419
61	470	127	17	0.967136	0.085819	aDNA	40.2035946444917
62	415	80	17	0.68996	0.07714	aDNA	28.68145965088
63	354	89	18	0.899847	0.095384	aDNA	37.4064082301372
64	323	83	17	0.919724	0.100953	aDNA	38.2326900051394
65	249	61	17	0.876824	0.112266	aDNA	36.4493480447029
66	158	33	18	0.747547	0.130131	aDNA	31.0753364218743
67	90	17	17	0.676065	0.16397	aDNA	28.1038480765149
68	21	1	15	0.170436	0.170436	aDNA	7.08498066128092
69	5	2	19	1.431666	1.012341	aDNA	59.5139872058334
70	3	0	0	0	0	aDNA	0
71	5	2	16	1.431666	1.012341	aDNA	59.5139872058334
72	4	1	19	0.894791	0.894791	aDNA	37.1962316112102
73	5	1	19	0.715833	0.715833	aDNA	29.7569936029167
74	5	2	16	1.431666	1.012341	aDNA	59.5139872058334
75	4	2	17	1.789583	1.265426	aDNA	74.392504792163
76	9	4	17	1.59074	0.79537	aDNA	66.126652450926
77	9	1	15	0.397685	0.397685	aDNA	16.5316631127315
78	3	0	0	0	0	aDNA	0
79	9	4	18	1.59074	0.79537	aDNA	66.126652450926
80	3	2	16	2.38611	1.687235	aDNA	99.1899786763889
81	1	0	0	0	0	aDNA	0
82	3	0	0	0	0	aDNA	0
83	1	0	0	0	0	aDNA	0
84	2	0	0	0	0	aDNA	0
85	1	0	0	0	0	aDNA	0
86	5	0	0	0	0	aDNA	0
87	2	0	0	0	0	aDNA	0
88	0	0	0	0	0	aDNA	0
89	0	0	0	0	0	aDNA	0
90	0	0	0	0	0	aDNA	0
91	0	0	0	0	0	aDNA	0
92	0	0	0	0	0	aDNA	0
93	0	0	0	0	0	aDNA	0
94	0	0	0	0	0	aDNA	0
95	0	0	0	0	0	aDNA	0
96	0	0	0	0	0	aDNA	0
97	0	0	0	0	0	aDNA	0
98	0	0	0	0	0	aDNA	0
99	0	0	0	0	0	aDNA	0
100	0	0	0	0	0	aDNA	0
0	134	4230	17	103.79329	1.595876	mcDNA	4694.20349589514
1	128	27	15	0.693566	0.133477	mcDNA	31.367537745783
2	284	46	16	0.532566	0.078523	mcDNA	24.0860770382641
3	334	83	17	0.817081	0.089686	mcDNA	36.9536844494427
4	586	125	16	0.701368	0.062732	mcDNA	31.7203946180816
5	881	195	16	0.727767	0.052116	mcDNA	32.9143280417946
6	1734	429	17	0.813471	0.039275	mcDNA	36.7904169143238
7	3729	1003	17	0.884387	0.027925	mcDNA	39.9976968368978
8	8141	2165	19	0.874407	0.018793	mcDNA	39.5463367259596
9	16808	4600	20	0.899861	0.013268	mcDNA	40.697531141172
10	34763	15879	14	1.501895	0.011919	mcDNA	67.9254001821064
11	69810	21411	19	1.008447	0.006892	mcDNA	45.6084919634493
12	130051	39350	19	0.994866	0.005015	mcDNA	44.9942713555685
13	225313	67523	20	0.98537	0.003792	mcDNA	44.5648008532169
14	366008	108144	21	0.971506	0.002954	mcDNA	43.9377811560179
15	556676	175511	19	1.036658	0.002474	mcDNA	46.8843757399699
16	800615	239264	22	0.982624	0.002009	mcDNA	44.4406089830129
17	1090671	327596	22	0.987594	0.001725	mcDNA	44.6653845092015
18	1418273	426051	22	0.987724	0.001513	mcDNA	44.6712639495244
19	1774919	531501	22	0.984599	0.001351	mcDNA	44.529931249456
20	2152468	644037	22	0.983802	0.001226	mcDNA	44.4938857576306
21	2542014	761476	22	0.984945	0.001129	mcDNA	44.5455796060076
22	2928897	881354	22	0.989418	0.001054	mcDNA	44.7478775795774
23	3296894	998608	22	0.995918	0.000997	mcDNA	45.0418495957194
24	3640966	1100751	23	0.994045	0.000947	mcDNA	44.9571404286065
25	3947965	1193192	23	0.993735	0.00091	mcDNA	44.9431202247597
26	4186891	1266320	23	0.994456	0.000884	mcDNA	44.9757285053195
27	4342177	1315507	23	0.996138	0.000869	mcDNA	45.0517994178043
28	4398905	1331634	23	0.995346	0.000863	mcDNA	45.0159800582989
29	4357284	1321933	23	0.997533	0.000868	mcDNA	45.1148903351147
30	4224385	1284412	24	0.999711	0.000882	mcDNA	45.2133935737543
31	3994228	1213482	24	0.998928	0.000907	mcDNA	45.1779812524252
32	3689416	1123508	24	1.001272	0.000945	mcDNA	45.2839920840925
33	3323630	1018685	24	1.007769	0.000998	mcDNA	45.5778284208425
34	2921606	896826	24	1.0093	0.001066	mcDNA	45.6470701372599
35	2506143	775209	23	1.01706	0.001155	mcDNA	45.9980274980695
36	2088773	645800	23	1.016578	0.001265	mcDNA	45.976228342411
37	1692915	523047	23	1.015873	0.001405	mcDNA	45.9443436852756
38	1339228	413344	24	1.014824	0.001578	mcDNA	45.8969011245167
39	1030095	316527	24	1.010339	0.001796	mcDNA	45.6940604333786
40	762712	233815	24	1.007965	0.002085	mcDNA	45.5866928077908
41	551367	169037	24	1.008033	0.002452	mcDNA	45.5897682073442
42	391418	119964	24	1.007729	0.00291	mcDNA	45.5760193622816
43	267733	81631	24	1.002506	0.003509	mcDNA	45.3398015406954
44	178016	53867	24	0.994941	0.004287	mcDNA	44.9976633403701
45	115350	35105	24	1.000657	0.005341	mcDNA	45.256177808719
46	74972	22983	23	1.007955	0.006649	mcDNA	45.5862405431505
47	47573	15084	22	1.042533	0.008489	mcDNA	47.1500812160983
48	29860	9404	21	1.035515	0.010678	mcDNA	46.8326818915929
49	19161	6163	20	1.057567	0.013471	mcDNA	47.8300158762029
50	11935	4449	17	1.22567	0.018376	mcDNA	55.4327201576691
51	7172	3403	15	1.560111	0.026744	mcDNA	70.5583040116028
52	4961	3411	14	2.260717	0.038708	mcDNA	102.2442360641
53	3691	2241	14	1.996326	0.042171	mcDNA	90.286766014897
54	2984	2323	13	2.559671	0.053108	mcDNA	115.76486838929
55	1836	2700	12	4.835315	0.093056	mcDNA	218.684199881844
56	1510	2632	11	5.731161	0.111712	mcDNA	259.200146769968
57	1275	2587	11	6.671446	0.131166	mcDNA	301.72591249276
58	922	2515	10	8.968933	0.178843	mcDNA	405.633125638943
59	641	1705	10	8.74581	0.211806	mcDNA	395.542061306994
60	530	1395	9	8.654302	0.23171	mcDNA	391.403478037282
61	470	1041	9	7.282602	0.225715	mcDNA	329.366337338501
62	415	969	9	7.677315	0.246631	mcDNA	347.217810631961
63	354	884	9	8.210748	0.276157	mcDNA	371.343099014532
64	323	347	9	3.532325	0.189625	mcDNA	159.754569526005
65	249	186	10	2.456107	0.180091	mcDNA	111.08103486933
66	158	100	11	2.081022	0.208102	mcDNA	94.1172666116922
67	90	16	14	0.584536	0.146134	mcDNA	26.43649637348
68	21	1	12	0.156572	0.156572	mcDNA	7.08119792483014
69	5	0	0	0	0	mcDNA	0
70	3	0	0	0	0	mcDNA	0
71	5	0	0	0	0	mcDNA	0
72	4	0	0	0	0	mcDNA	0
73	5	0	0	0	0	mcDNA	0
74	5	0	0	0	0	mcDNA	0
75	4	0	0	0	0	mcDNA	0
76	9	0	0	0	0	mcDNA	0
77	9	0	0	0	0	mcDNA	0
78	3	0	0	0	0	mcDNA	0
79	9	0	0	0	0	mcDNA	0
80	3	0	0	0	0	mcDNA	0
81	1	0	0	0	0	mcDNA	0
82	3	0	0	0	0	mcDNA	0
83	1	0	0	0	0	mcDNA	0
84	2	0	0	0	0	mcDNA	0
85	1	0	0	0	0	mcDNA	0
86	5	0	0	0	0	mcDNA	0
87	2	0	0	0	0	mcDNA	0
88	0	0	0	0	0	mcDNA	0
89	0	0	0	0	0	mcDNA	0
90	0	0	0	0	0	mcDNA	0
91	0	0	0	0	0	mcDNA	0
92	0	0	0	0	0	mcDNA	0
93	0	0	0	0	0	mcDNA	0
94	0	0	0	0	0	mcDNA	0
95	0	0	0	0	0	mcDNA	0
96	0	0	0	0	0	mcDNA	0
97	0	0	0	0	0	mcDNA	0
98	0	0	0	0	0	mcDNA	0
99	0	0	0	0	0	mcDNA	0
100	0	0	0	0	0	mcDNA	0
0	134	1595	19	22.07326	0.552696	sc1_D5	1761.08329368097
1	128	13	13	0.188341	0.052236	sc1_D5	15.0265157305793
2	284	13	18	0.084886	0.023543	sc1_D5	6.77250738981928
3	334	21	16	0.116596	0.025443	sc1_D5	9.30244412062495
4	586	39	17	0.123418	0.019763	sc1_D5	9.84672757624009
5	881	79	14	0.166288	0.018709	sc1_D5	13.2670488518515
6	1734	175	16	0.187154	0.014148	sc1_D5	14.931812643242
7	3729	388	16	0.192952	0.009796	sc1_D5	15.3943977320219
8	8141	923	19	0.210249	0.00692	sc1_D5	16.7744139929095
9	16808	2073	20	0.228715	0.005023	sc1_D5	18.2476972370299
10	34763	13651	12	0.728212	0.006233	sc1_D5	58.0993467869269
11	69810	13455	18	0.357418	0.003081	sc1_D5	28.5160809350709
12	130051	28706	18	0.409326	0.002416	sc1_D5	32.6574860382769
13	225313	54041	19	0.444783	0.001913	sc1_D5	35.4863717735079
14	366008	94145	22	0.476999	0.001555	sc1_D5	38.056678986363
15	556676	169804	18	0.565661	0.001373	sc1_D5	45.1304491038872
16	800615	245806	22	0.56935	0.001148	sc1_D5	45.4247706617535
17	1090671	363373	22	0.617831	0.001025	sc1_D5	49.2927575001701
18	1418273	494055	23	0.64599	0.000919	sc1_D5	51.5393828045774
19	1774919	648979	23	0.678052	0.000842	sc1_D5	54.0974033489827
20	2152468	828041	23	0.713388	0.000784	sc1_D5	56.9166352732889
21	2542014	1024631	24	0.747481	0.000738	sc1_D5	59.6366962308214
22	2928897	1238690	24	0.784276	0.000705	sc1_D5	62.5723323711555
23	3296894	1456472	24	0.819234	0.000679	sc1_D5	65.3614061092667
24	3640966	1686567	24	0.859009	0.000661	sc1_D5	68.5347972624611
25	3947965	1905331	24	0.894968	0.000648	sc1_D5	71.4037343454961
26	4186891	2104934	24	0.932304	0.000643	sc1_D5	74.3825333925274
27	4342177	2265612	24	0.967584	0.000643	sc1_D5	77.1972974373972
28	4398905	2386177	25	1.005932	0.000651	sc1_D5	80.2568374485273
29	4357284	2446364	25	1.041156	0.000666	sc1_D5	83.0671336139609
30	4224385	2461038	25	1.080352	0.000689	sc1_D5	86.1943300851264
31	3994228	2398558	25	1.113597	0.000719	sc1_D5	88.8467345826236
32	3689416	2284158	25	1.148098	0.00076	sc1_D5	91.5993472331921
33	3323630	2119456	25	1.182558	0.000812	sc1_D5	94.3486887577447
34	2921606	1914050	25	1.214905	0.000878	sc1_D5	96.9294476171383
35	2506143	1688504	25	1.249415	0.000962	sc1_D5	99.682778319759
36	2088773	1444962	25	1.28285	0.001067	sc1_D5	102.350341693915
37	1692915	1197760	25	1.312034	0.001199	sc1_D5	104.678745148719
38	1339228	967317	25	1.339445	0.001362	sc1_D5	106.865692349227
39	1030095	758286	25	1.365106	0.001568	sc1_D5	108.913018317351
40	762712	572382	25	1.391669	0.001839	sc1_D5	111.032309057824
41	551367	420118	25	1.412997	0.00218	sc1_D5	112.733932854564
42	391418	303391	25	1.437383	0.00261	sc1_D5	114.67953478195
43	267733	208562	25	1.444588	0.003163	sc1_D5	115.254375341567
44	178016	139765	25	1.455962	0.003894	sc1_D5	116.161833568504
45	115350	90635	25	1.457099	0.00484	sc1_D5	116.252547477774
46	74972	59396	24	1.469159	0.006028	sc1_D5	117.214737227806
47	47573	37286	24	1.453436	0.007527	sc1_D5	115.960300292503
48	29860	23058	24	1.431998	0.00943	sc1_D5	114.249900304013
49	19161	14459	24	1.399364	0.011638	sc1_D5	111.646243562508
50	11935	8413	24	1.307191	0.014252	sc1_D5	104.29235336104
51	7172	4863	23	1.257403	0.018031	sc1_D5	100.320089407923
52	4961	3020	23	1.128881	0.020542	sc1_D5	90.0661465344884
53	3691	2060	23	1.034984	0.022803	sc1_D5	82.5747094732314
54	2984	1430	21	0.888685	0.023501	sc1_D5	70.9024542294554
55	1836	919	19	0.928225	0.030619	sc1_D5	74.0570962457296
56	1510	670	20	0.822827	0.031789	sc1_D5	65.6480684452422
57	1275	475	18	0.690866	0.031699	sc1_D5	55.1197499042821
58	922	344	16	0.691892	0.037304	sc1_D5	55.20160783824
59	641	250	16	0.723257	0.045743	sc1_D5	57.7040192403756
60	530	163	15	0.570325	0.044671	sc1_D5	45.502559634082
61	470	167	14	0.658915	0.050988	sc1_D5	52.5705853351881
62	415	199	16	0.889233	0.063036	sc1_D5	70.9461756210821
63	354	187	16	0.9796	0.071635	sc1_D5	78.1559767107293
64	323	140	15	0.803778	0.067932	sc1_D5	64.1282713848475
65	249	118	14	0.878806	0.080901	sc1_D5	70.114272426755
66	158	67	15	0.786372	0.096071	sc1_D5	62.7395587157714
67	90	23	17	0.47391	0.098817	sc1_D5	37.8102275653142
68	21	3	16	0.264919	0.152951	sc1_D5	21.1361812925987
69	5	0	0	0	0	sc1_D5	0
70	3	0	0	0	0	sc1_D5	0
71	5	0	0	0	0	sc1_D5	0
72	4	0	0	0	0	sc1_D5	0
73	5	0	0	0	0	sc1_D5	0
74	5	0	0	0	0	sc1_D5	0
75	4	0	0	0	0	sc1_D5	0
76	9	0	0	0	0	sc1_D5	0
77	9	0	0	0	0	sc1_D5	0
78	3	0	0	0	0	sc1_D5	0
79	9	0	0	0	0	sc1_D5	0
80	3	0	0	0	0	sc1_D5	0
81	1	0	0	0	0	sc1_D5	0
82	3	0	0	0	0	sc1_D5	0
83	1	0	0	0	0	sc1_D5	0
84	2	0	0	0	0	sc1_D5	0
85	1	0	0	0	0	sc1_D5	0
86	5	0	0	0	0	sc1_D5	0
87	2	0	0	0	0	sc1_D5	0
88	0	0	0	0	0	sc1_D5	0
89	0	0	0	0	0	sc1_D5	0
90	0	0	0	0	0	sc1_D5	0
91	0	0	0	0	0	sc1_D5	0
92	0	0	0	0	0	sc1_D5	0
93	0	0	0	0	0	sc1_D5	0
94	0	0	0	0	0	sc1_D5	0
95	0	0	0	0	0	sc1_D5	0
96	0	0	0	0	0	sc1_D5	0
97	0	0	0	0	0	sc1_D5	0
98	0	0	0	0	0	sc1_D5	0
99	0	0	0	0	0	sc1_D5	0
100	0	0	0	0	0	sc1_D5	0
0	134	1407	19	18.651892	0.497251	sc1_D10	1553.28451422741
1	128	48	15	0.666139	0.096149	sc1_D10	55.4744469366931
2	284	70	16	0.437838	0.052332	sc1_D10	36.462091091901
3	334	91	18	0.483981	0.050735	sc1_D10	40.3047686787107
4	586	181	16	0.548674	0.040783	sc1_D10	45.6922454600964
5	881	238	16	0.479882	0.031106	sc1_D10	39.9634138593809
6	1734	543	15	0.556268	0.023872	sc1_D10	46.3246554376495
7	3729	1059	17	0.504472	0.015502	sc1_D10	42.011209665021
8	8141	2341	18	0.510807	0.010557	sc1_D10	42.538773163546
9	16808	5071	19	0.535934	0.007526	sc1_D10	44.6312890321235
10	34763	37077	11	1.894615	0.009839	sc1_D10	157.778960972054
11	69810	27724	16	0.705459	0.004237	sc1_D10	58.7489215636865
12	130051	53686	17	0.733299	0.003165	sc1_D10	61.0673695193197
13	225313	90830	18	0.716105	0.002376	sc1_D10	59.6354947294793
14	366008	144592	21	0.701758	0.001846	sc1_D10	58.4407112230328
15	556676	262825	16	0.838683	0.001636	sc1_D10	69.8434944962036
16	800615	333581	22	0.740135	0.001281	sc1_D10	61.636655087736
17	1090671	471524	21	0.767969	0.001118	sc1_D10	63.9546033778615
18	1418273	613354	23	0.768219	0.000981	sc1_D10	63.9754227740148
19	1774919	780909	23	0.781548	0.000884	sc1_D10	65.0854296993249
20	2152468	964252	23	0.79577	0.00081	sc1_D10	66.2698035076947
21	2542014	1167463	23	0.815828	0.000755	sc1_D10	67.9401852998675
22	2928897	1377938	23	0.835717	0.000712	sc1_D10	69.5964931802407
23	3296894	1593710	24	0.858693	0.00068	sc1_D10	71.509878964315
24	3640966	1811541	24	0.883823	0.000657	sc1_D10	73.6026446656462
25	3947965	2024110	24	0.91074	0.00064	sc1_D10	75.8442274106814
26	4186891	2211524	24	0.938282	0.000631	sc1_D10	78.1378586460998
27	4342177	2359871	24	0.965416	0.000628	sc1_D10	80.397512626996
28	4398905	2457939	24	0.992568	0.000633	sc1_D10	82.6586656044153
29	4357284	2506508	24	1.021849	0.000645	sc1_D10	85.0971165594762
30	4224385	2502227	24	1.052196	0.000665	sc1_D10	87.6243414197348
31	3994228	2427036	24	1.079386	0.000693	sc1_D10	89.8886589453694
32	3689416	2298589	24	1.106719	0.00073	sc1_D10	92.1648851656037
33	3323630	2120046	24	1.133095	0.000778	sc1_D10	94.361414737363
34	2921606	1900990	24	1.155824	0.000838	sc1_D10	96.2542309580378
35	2506143	1665514	24	1.180527	0.000915	sc1_D10	98.3114371307392
36	2088773	1422991	24	1.210165	0.001014	sc1_D10	100.779618183507
37	1692915	1172258	25	1.230047	0.001136	sc1_D10	102.435343120788
38	1339228	944030	24	1.252175	0.001289	sc1_D10	104.27810951311
39	1030095	737256	25	1.271378	0.001481	sc1_D10	105.877288970439
40	762712	551498	25	1.284449	0.00173	sc1_D10	106.965810278919
41	551367	403296	24	1.299322	0.002046	sc1_D10	108.204397794872
42	391418	288884	24	1.311041	0.002439	sc1_D10	109.180327808954
43	267733	196932	24	1.306616	0.002944	sc1_D10	108.811824497041
44	178016	131338	24	1.310584	0.003616	sc1_D10	109.142269952786
45	115350	85026	24	1.309386	0.00449	sc1_D10	109.042503406419
46	74972	55574	24	1.316759	0.005586	sc1_D10	109.656509037773
47	47573	35032	24	1.308091	0.006989	sc1_D10	108.934658934345
48	29860	21659	23	1.288493	0.008755	sc1_D10	107.302584831095
49	19161	13209	23	1.224575	0.010655	sc1_D10	101.979648177784
50	11935	7643	22	1.137562	0.013012	sc1_D10	94.7334157078305
51	7172	4497	22	1.113823	0.016609	sc1_D10	92.7564891266963
52	4961	2762	21	0.988981	0.018818	sc1_D10	82.3599489084075
53	3691	1865	21	0.89757	0.020784	sc1_D10	74.7474616213247
54	2984	1500	20	0.892948	0.023056	sc1_D10	74.3625526252422
55	1836	933	19	0.902698	0.029553	sc1_D10	75.1745090752215
56	1510	605	20	0.711725	0.028936	sc1_D10	59.2707389088732
57	1275	485	20	0.675717	0.030683	sc1_D10	56.2720796421189
58	922	328	17	0.631941	0.034893	sc1_D10	52.6265200980888
59	641	198	16	0.548707	0.038995	sc1_D10	45.6949936203886
60	530	173	14	0.579834	0.044084	sc1_D10	48.2871749966456
61	470	121	14	0.457321	0.041575	sc1_D10	38.0845882729212
62	415	122	15	0.52221	0.047279	sc1_D10	43.4883874608911
63	354	153	15	0.767753	0.062069	sc1_D10	63.936615419585
64	323	108	15	0.593957	0.057154	sc1_D10	49.4633043241387
65	249	76	15	0.542185	0.062193	sc1_D10	45.1518572135409
66	158	62	17	0.697057	0.088526	sc1_D10	58.0492232977659
67	90	36	19	0.710548	0.118425	sc1_D10	59.1727211917834
68	21	2	0	0.169178	0.119627	sc1_D10	14.0887352097023
69	5	0	0	0	0	sc1_D10	0
70	3	0	0	0	0	sc1_D10	0
71	5	0	0	0	0	sc1_D10	0
72	4	0	0	0	0	sc1_D10	0
73	5	0	0	0	0	sc1_D10	0
74	5	0	0	0	0	sc1_D10	0
75	4	0	0	0	0	sc1_D10	0
76	9	0	0	0	0	sc1_D10	0
77	9	0	0	0	0	sc1_D10	0
78	3	0	0	0	0	sc1_D10	0
79	9	0	0	0	0	sc1_D10	0
80	3	0	0	0	0	sc1_D10	0
81	1	0	0	0	0	sc1_D10	0
82	3	0	0	0	0	sc1_D10	0
83	1	0	0	0	0	sc1_D10	0
84	2	0	0	0	0	sc1_D10	0
85	1	0	0	0	0	sc1_D10	0
86	5	0	0	0	0	sc1_D10	0
87	2	0	0	0	0	sc1_D10	0
88	0	0	0	0	0	sc1_D10	0
89	0	0	0	0	0	sc1_D10	0
90	0	0	0	0	0	sc1_D10	0
91	0	0	0	0	0	sc1_D10	0
92	0	0	0	0	0	sc1_D10	0
93	0	0	0	0	0	sc1_D10	0
94	0	0	0	0	0	sc1_D10	0
95	0	0	0	0	0	sc1_D10	0
96	0	0	0	0	0	sc1_D10	0
97	0	0	0	0	0	sc1_D10	0
98	0	0	0	0	0	sc1_D10	0
99	0	0	0	0	0	sc1_D10	0
100	0	0	0	0	0	sc1_D10	0
0	134	1146	19	27.385544	0.808964	sc1_D14	1261.25188847877
1	128	11	15	0.275185	0.082971	sc1_D14	12.6737522881061
2	284	17	16	0.191678	0.046489	sc1_D14	8.82780489881205
3	334	16	16	0.153396	0.038349	sc1_D14	7.06471248791292
4	586	34	16	0.18579	0.031863	sc1_D14	8.55663076696486
5	881	65	15	0.236254	0.029304	sc1_D14	10.8807699295899
6	1734	133	15	0.245609	0.021297	sc1_D14	11.3116180959334
7	3729	258	17	0.221549	0.013793	sc1_D14	10.2035254308106
8	8141	635	19	0.249768	0.009912	sc1_D14	11.5031624597841
9	16808	1604	19	0.305583	0.00763	sc1_D14	14.0737440102343
10	34763	10140	12	0.934033	0.009276	sc1_D14	43.017253378333
11	69810	10459	18	0.479749	0.004691	sc1_D14	22.0950269326693
12	130051	22294	18	0.548929	0.003676	sc1_D14	25.2811387603168
13	225313	41421	20	0.588675	0.002892	sc1_D14	27.1116562610638
14	366008	70528	22	0.617039	0.002323	sc1_D14	28.4179713214771
15	556676	122848	18	0.706655	0.002016	sc1_D14	32.5452710836404
16	800615	173587	22	0.694281	0.001666	sc1_D14	31.9753816971803
17	1090671	247533	22	0.726743	0.001461	sc1_D14	33.4704317427006
18	1418273	329038	23	0.742896	0.001295	sc1_D14	34.2143644451
19	1774919	424348	23	0.76557	0.001175	sc1_D14	35.2586243407357
20	2152468	528831	23	0.786723	0.001082	sc1_D14	36.2328339893369
21	2542014	640973	23	0.807427	0.001009	sc1_D14	37.1863647681691
22	2928897	760701	23	0.831671	0.000954	sc1_D14	38.3029316249122
23	3296894	880840	23	0.855527	0.000912	sc1_D14	39.40162899063
24	3640966	1004298	23	0.883258	0.000881	sc1_D14	40.6787909896542
25	3947965	1121664	24	0.909769	0.000859	sc1_D14	41.8997654138051
26	4186891	1227464	24	0.938769	0.000847	sc1_D14	43.2353717017753
27	4342177	1310912	24	0.966735	0.000844	sc1_D14	44.523356717271
28	4398905	1365299	24	0.993859	0.000851	sc1_D14	45.7725630950263
29	4357284	1393159	24	1.023827	0.000867	sc1_D14	47.1527509997811
30	4224385	1388211	24	1.052285	0.000893	sc1_D14	48.463395266783
31	3994228	1350947	24	1.083046	0.000932	sc1_D14	49.8801050952055
32	3689416	1281028	24	1.111841	0.000982	sc1_D14	51.2062700283814
33	3323630	1183235	24	1.139987	0.001048	sc1_D14	52.5025450139403
34	2921606	1064771	24	1.167014	0.001131	sc1_D14	53.7472840189393
35	2506143	937952	24	1.19844	0.001237	sc1_D14	55.1946206812066
36	2088773	800989	24	1.227939	0.001372	sc1_D14	56.5532086084077
37	1692915	664102	24	1.256149	0.001541	sc1_D14	57.852431138878
38	1339228	535145	25	1.279554	0.001749	sc1_D14	58.9303575240484
39	1030095	419123	25	1.302884	0.002012	sc1_D14	60.0048297550258
40	762712	314698	25	1.321219	0.002355	sc1_D14	60.8492553167477
41	551367	232360	25	1.349467	0.0028	sc1_D14	62.1502279520091
42	391418	166371	24	1.361063	0.003337	sc1_D14	62.6842862456402
43	267733	114560	25	1.370164	0.004048	sc1_D14	63.1034363431166
44	178016	75936	24	1.365936	0.004957	sc1_D14	62.9087141574085
45	115350	49487	24	1.373773	0.006175	sc1_D14	63.2696502428851
46	74972	32306	24	1.37983	0.007677	sc1_D14	63.5486077355139
47	47573	20189	24	1.358926	0.009564	sc1_D14	62.5858658788336
48	29860	12588	23	1.349921	0.012032	sc1_D14	62.1711370987242
49	19161	7692	23	1.285472	0.014657	sc1_D14	59.2029133175728
50	11935	4500	23	1.207346	0.017998	sc1_D14	55.6047899777811
51	7172	2580	23	1.151916	0.022678	sc1_D14	53.0519397521885
52	4961	1652	23	1.066307	0.026235	sc1_D14	49.1091839347112
53	3691	1097	21	0.951709	0.028734	sc1_D14	43.8313284385455
54	2984	777	20	0.833804	0.029913	sc1_D14	38.4011677701618
55	1836	480	18	0.837163	0.038211	sc1_D14	38.5558678226202
56	1510	316	20	0.670119	0.037697	sc1_D14	30.862591382355
57	1275	283	17	0.710752	0.04225	sc1_D14	32.7339600133581
58	922	192	18	0.666825	0.048124	sc1_D14	30.7108849301972
59	641	129	16	0.644426	0.056739	sc1_D14	29.6792902666026
60	530	100	14	0.604179	0.060418	sc1_D14	27.8256990158462
61	470	79	15	0.538234	0.060556	sc1_D14	24.7885763723912
62	415	101	16	0.779318	0.077545	sc1_D14	35.8917938320121
63	354	107	16	0.967881	0.093569	sc1_D14	44.5761361933404
64	323	64	15	0.634482	0.07931	sc1_D14	29.2213154759966
65	249	60	15	0.771602	0.099613	sc1_D14	35.5364304486335
66	158	43	14	0.871471	0.132898	sc1_D14	40.1359361166782
67	90	14	19	0.498112	0.133126	sc1_D14	22.9407420452899
68	21	3	27	0.45745	0.264109	sc1_D14	21.0680378079987
69	5	0	0	0	0	sc1_D14	0
70	3	0	0	0	0	sc1_D14	0
71	5	0	0	0	0	sc1_D14	0
72	4	0	0	0	0	sc1_D14	0
73	5	0	0	0	0	sc1_D14	0
74	5	0	0	0	0	sc1_D14	0
75	4	0	0	0	0	sc1_D14	0
76	9	0	0	0	0	sc1_D14	0
77	9	0	0	0	0	sc1_D14	0
78	3	0	0	0	0	sc1_D14	0
79	9	0	0	0	0	sc1_D14	0
80	3	0	0	0	0	sc1_D14	0
81	1	0	0	0	0	sc1_D14	0
82	3	0	0	0	0	sc1_D14	0
83	1	0	0	0	0	sc1_D14	0
84	2	0	0	0	0	sc1_D14	0
85	1	0	0	0	0	sc1_D14	0
86	5	0	0	0	0	sc1_D14	0
87	2	0	0	0	0	sc1_D14	0
88	0	0	0	0	0	sc1_D14	0
89	0	0	0	0	0	sc1_D14	0
90	0	0	0	0	0	sc1_D14	0
91	0	0	0	0	0	sc1_D14	0
92	0	0	0	0	0	sc1_D14	0
93	0	0	0	0	0	sc1_D14	0
94	0	0	0	0	0	sc1_D14	0
95	0	0	0	0	0	sc1_D14	0
96	0	0	0	0	0	sc1_D14	0
97	0	0	0	0	0	sc1_D14	0
98	0	0	0	0	0	sc1_D14	0
99	0	0	0	0	0	sc1_D14	0
100	0	0	0	0	0	sc1_D14	0
0	134	707	19	26.198108	0.985281	sc2_D5	779.810970312404
1	128	6	16	0.232754	0.095021	sc2_D5	6.92813857336924
2	284	12	16	0.209806	0.060566	sc2_D5	6.2450700805327
3	334	22	18	0.327063	0.06973	sc2_D5	9.73533338297887
4	586	41	16	0.347409	0.054256	sc2_D5	10.3409509337568
5	881	87	16	0.490342	0.05257	sc2_D5	14.5954841779004
6	1734	127	17	0.363672	0.032271	sc2_D5	10.8250342045866
7	3729	327	18	0.435422	0.024079	sc2_D5	12.9607394669633
8	8141	705	19	0.429998	0.016195	sc2_D5	12.7992890789057
9	16808	1646	20	0.486261	0.011985	sc2_D5	14.4740094298062
10	34763	7170	13	1.024135	0.012095	sc2_D5	30.4843276499545
11	69810	7873	19	0.559987	0.006311	sc2_D5	16.6685321639384
12	130051	15389	19	0.58756	0.004736	sc2_D5	17.4892680691581
13	225313	27444	20	0.604807	0.003651	sc2_D5	18.0026410121576
14	366008	44999	22	0.610475	0.002878	sc2_D5	18.1713542864036
15	556676	77912	19	0.694956	0.00249	sc2_D5	20.6860095654399
16	800615	109451	22	0.678815	0.002052	sc2_D5	20.2055577377044
17	1090671	157894	22	0.718832	0.001809	sc2_D5	21.3967008385341
18	1418273	211211	23	0.739455	0.001609	sc2_D5	22.0105635510915
19	1774919	274127	23	0.766882	0.001465	sc2_D5	22.826953630969
20	2152468	343993	23	0.793539	0.001353	sc2_D5	23.6204239470551
21	2542014	417499	23	0.815517	0.001262	sc2_D5	24.2746194906999
22	2928897	497416	23	0.843278	0.001196	sc2_D5	25.1009513901959
23	3296894	576908	23	0.868874	0.001144	sc2_D5	25.8628400577332
24	3640966	657509	23	0.896686	0.001106	sc2_D5	26.6906900195063
25	3947965	734745	24	0.924099	0.001078	sc2_D5	27.5066633764057
26	4186891	801907	24	0.951016	0.001062	sc2_D5	28.3078728335123
27	4342177	855002	24	0.977721	0.001057	sc2_D5	29.1027719140945
28	4398905	888771	24	1.00323	0.001064	sc2_D5	29.8620709459826
29	4357284	904596	24	1.030847	0.001084	sc2_D5	30.6841165519904
30	4224385	901812	24	1.060005	0.001116	sc2_D5	31.5520314515079
31	3994228	868863	24	1.080124	0.001159	sc2_D5	32.1508921368564
32	3689416	824010	24	1.108996	0.001222	sc2_D5	33.0102939812514
33	3323630	759822	24	1.135153	0.001302	sc2_D5	33.7888813338366
34	2921606	679002	24	1.153997	0.0014	sc2_D5	34.3497904622579
35	2506143	596972	24	1.182779	0.001531	sc2_D5	35.2065133732228
36	2088773	507278	24	1.205897	0.001693	sc2_D5	35.8946420736496
37	1692915	418071	24	1.226225	0.001896	sc2_D5	36.4997238377416
38	1339228	336298	25	1.246881	0.00215	sc2_D5	37.1145688258901
39	1030095	263511	25	1.270214	0.002474	sc2_D5	37.8090972006223
40	762712	197238	24	1.28406	0.002891	sc2_D5	38.2212362258887
41	551367	143511	25	1.292408	0.003412	sc2_D5	38.4697221844995
42	391418	103271	25	1.310065	0.004077	sc2_D5	38.9952991575697
43	267733	70503	25	1.307558	0.004924	sc2_D5	38.9206759785763
44	178016	47271	24	1.318533	0.006064	sc2_D5	39.2473570274206
45	115350	30756	24	1.323938	0.007549	sc2_D5	39.4082418628652
46	74972	19724	24	1.306325	0.009302	sc2_D5	38.8839745905831
47	47573	12504	24	1.3051	0.011671	sc2_D5	38.8475113300059
48	29860	7623	23	1.267627	0.014519	sc2_D5	37.7320927474687
49	19161	4961	23	1.285602	0.018252	sc2_D5	38.2671352853255
50	11935	2757	23	1.147016	0.021845	sc2_D5	34.1419945258586
51	7172	1513	22	1.0475	0.02693	sc2_D5	31.1798085343508
52	4961	1084	22	1.084964	0.032953	sc2_D5	32.294959223545
53	3691	692	22	0.930931	0.035389	sc2_D5	27.7100241896818
54	2984	486	21	0.80871	0.036684	sc2_D5	24.0720028255989
55	1836	299	19	0.808637	0.046765	sc2_D5	24.0698299129277
56	1510	198	19	0.651094	0.046271	sc2_D5	19.3804164752884
57	1275	147	17	0.572483	0.047218	sc2_D5	17.0404871877525
58	922	130	18	0.700112	0.061404	sc2_D5	20.839482685061
59	641	57	18	0.441542	0.058484	sc2_D5	13.1429069402141
60	530	78	15	0.730759	0.082742	sc2_D5	21.7517190498841
61	470	60	13	0.633882	0.081834	sc2_D5	18.868085339734
62	415	51	17	0.610207	0.085446	sc2_D5	18.1633770179671
63	354	72	16	1.009914	0.11902	sc2_D5	30.0610264020624
64	323	50	14	0.76864	0.108702	sc2_D5	22.8792821306381
65	249	30	16	0.598242	0.109224	sc2_D5	17.807227701391
66	158	17	19	0.534253	0.129575	sc2_D5	15.9025357984749
67	90	10	18	0.551712	0.174467	sc2_D5	16.4222191179988
68	21	0	0	0	0	sc2_D5	0
69	5	0	0	0	0	sc2_D5	0
70	3	0	0	0	0	sc2_D5	0
71	5	0	0	0	0	sc2_D5	0
72	4	0	0	0	0	sc2_D5	0
73	5	0	0	0	0	sc2_D5	0
74	5	0	0	0	0	sc2_D5	0
75	4	0	0	0	0	sc2_D5	0
76	9	0	0	0	0	sc2_D5	0
77	9	0	0	0	0	sc2_D5	0
78	3	0	0	0	0	sc2_D5	0
79	9	0	0	0	0	sc2_D5	0
80	3	0	0	0	0	sc2_D5	0
81	1	0	0	0	0	sc2_D5	0
82	3	0	0	0	0	sc2_D5	0
83	1	0	0	0	0	sc2_D5	0
84	2	0	0	0	0	sc2_D5	0
85	1	0	0	0	0	sc2_D5	0
86	5	0	0	0	0	sc2_D5	0
87	2	0	0	0	0	sc2_D5	0
88	0	0	0	0	0	sc2_D5	0
89	0	0	0	0	0	sc2_D5	0
90	0	0	0	0	0	sc2_D5	0
91	0	0	0	0	0	sc2_D5	0
92	0	0	0	0	0	sc2_D5	0
93	0	0	0	0	0	sc2_D5	0
94	0	0	0	0	0	sc2_D5	0
95	0	0	0	0	0	sc2_D5	0
96	0	0	0	0	0	sc2_D5	0
97	0	0	0	0	0	sc2_D5	0
98	0	0	0	0	0	sc2_D5	0
99	0	0	0	0	0	sc2_D5	0
100	0	0	0	0	0	sc2_D5	0
0	134	981	19	17.946697	0.572994	sc2_D10	1081.35860358006
1	128	34	16	0.651162	0.111673	sc2_D10	39.2350542846073
2	284	58	17	0.500645	0.065738	sc2_D10	30.165817035265
3	334	68	17	0.499094	0.060524	sc2_D10	30.0723632262353
4	586	130	16	0.543834	0.047697	sc2_D10	32.7681230044369
5	881	195	15	0.542599	0.038856	sc2_D10	32.693709429871
6	1734	419	14	0.592359	0.028939	sc2_D10	35.6919438188587
7	3729	814	16	0.535121	0.018756	sc2_D10	32.2431307168314
8	8141	1692	18	0.509499	0.012386	sc2_D10	30.6993051236914
9	16808	3690	19	0.538184	0.00886	sc2_D10	32.4276884325361
10	34763	32315	11	2.278805	0.012677	sc2_D10	137.306903472614
11	69810	20115	16	0.706355	0.00498	sc2_D10	42.5606481477786
12	130051	39339	16	0.741532	0.003739	sc2_D10	44.6801998178233
13	225313	64563	17	0.702454	0.002765	sc2_D10	42.3255976584007
14	366008	99934	21	0.669334	0.002117	sc2_D10	40.3299882740905
15	556676	195059	15	0.858982	0.001945	sc2_D10	51.7570211399015
16	800615	236641	21	0.72458	0.00149	sc2_D10	43.658775594308
17	1090671	337559	20	0.758711	0.001306	sc2_D10	45.7153016781211
18	1418273	438979	23	0.75876	0.001145	sc2_D10	45.7182541195411
19	1774919	560897	23	0.774685	0.001034	sc2_D10	46.677797581049
20	2152468	696073	23	0.792754	0.00095	sc2_D10	47.7665254181595
21	2542014	842901	23	0.812866	0.000885	sc2_D10	48.9783519863131
22	2928897	997248	23	0.834679	0.000836	sc2_D10	50.2926704494761
23	3296894	1155398	23	0.859106	0.000799	sc2_D10	51.7644926243114
24	3640966	1315829	24	0.885938	0.000772	sc2_D10	53.381225444354
25	3947965	1471923	24	0.91397	0.000753	sc2_D10	55.0702629522339
26	4186891	1611092	24	0.943298	0.000743	sc2_D10	56.8373895229782
27	4342177	1720393	24	0.971271	0.000741	sc2_D10	58.5228720503728
28	4398905	1790956	24	0.998069	0.000746	sc2_D10	60.1375562375933
29	4357284	1825402	24	1.026982	0.00076	sc2_D10	61.8796774371271
30	4224385	1818762	24	1.055438	0.000783	sc2_D10	63.5942626013763
31	3994228	1765893	24	1.083807	0.000816	sc2_D10	65.3036056757572
32	3689416	1668704	24	1.108771	0.000858	sc2_D10	66.8077841983997
33	3323630	1537697	24	1.134171	0.000915	sc2_D10	68.3382334242897
34	2921606	1377324	24	1.155673	0.000985	sc2_D10	69.6338129225216
35	2506143	1207692	24	1.181328	0.001075	sc2_D10	71.179626894577
36	2088773	1024747	24	1.202668	0.001188	sc2_D10	72.4654452599508
37	1692915	845166	24	1.223847	0.001331	sc2_D10	73.7415627463731
38	1339228	677681	24	1.240484	0.001507	sc2_D10	74.7440069893311
39	1030095	528200	24	1.257018	0.00173	sc2_D10	75.7402450799164
40	762712	394947	24	1.2694	0.00202	sc2_D10	76.4863089505845
41	551367	288350	24	1.282034	0.002387	sc2_D10	77.2475568056985
42	391418	205625	24	1.287821	0.00284	sc2_D10	77.596246162794
43	267733	140456	24	1.286053	0.003432	sc2_D10	77.489717256047
44	178016	93258	24	1.284244	0.004205	sc2_D10	77.3807179391322
45	115350	61062	24	1.297698	0.005252	sc2_D10	78.1913739976017
46	74972	39225	24	1.282579	0.006476	sc2_D10	77.2803951847579
47	47573	24443	23	1.259547	0.008056	sc2_D10	75.8926272095335
48	29860	15337	23	1.259131	0.010167	sc2_D10	75.8675615844166
49	19161	9375	23	1.199426	0.012388	sc2_D10	72.270102094977
50	11935	5576	22	1.145304	0.015338	sc2_D10	69.0090401657005
51	7172	3184	22	1.088311	0.019287	sc2_D10	65.5749892707733
52	4961	1944	21	0.960611	0.021787	sc2_D10	57.8805654067512
53	3691	1398	21	0.928503	0.024833	sc2_D10	55.9459329758505
54	2984	1019	20	0.837135	0.026225	sc2_D10	50.4406540439165
55	1836	698	18	0.931972	0.035276	sc2_D10	56.1549537776069
56	1510	408	19	0.662374	0.032792	sc2_D10	39.9106210846341
57	1275	338	18	0.649871	0.035348	sc2_D10	39.1572664912756
58	922	220	17	0.584941	0.039437	sc2_D10	35.244980340211
59	641	152	17	0.581307	0.04715	sc2_D10	35.026017643877
60	530	111	15	0.513414	0.048731	sc2_D10	30.9351991677607
61	470	100	14	0.521582	0.052158	sc2_D10	31.4273530763067
62	415	116	16	0.68522	0.063621	sc2_D10	41.2871818332437
63	354	107	16	0.74097	0.071632	sc2_D10	44.6463371223528
64	323	98	15	0.743779	0.075133	sc2_D10	44.8155903457986
65	249	78	14	0.767919	0.08695	sc2_D10	46.2701196494595
66	158	38	15	0.589586	0.095643	sc2_D10	35.524859736048
67	90	25	15	0.680954	0.136191	sc2_D10	41.030138667982
68	21	3	0	0.350205	0.202191	sc2_D10	21.1012193367256
69	5	0	0	0	0	sc2_D10	0
70	3	0	0	0	0	sc2_D10	0
71	5	0	0	0	0	sc2_D10	0
72	4	0	0	0	0	sc2_D10	0
73	5	0	0	0	0	sc2_D10	0
74	5	0	0	0	0	sc2_D10	0
75	4	0	0	0	0	sc2_D10	0
76	9	0	0	0	0	sc2_D10	0
77	9	0	0	0	0	sc2_D10	0
78	3	0	0	0	0	sc2_D10	0
79	9	0	0	0	0	sc2_D10	0
80	3	0	0	0	0	sc2_D10	0
81	1	0	0	0	0	sc2_D10	0
82	3	0	0	0	0	sc2_D10	0
83	1	0	0	0	0	sc2_D10	0
84	2	0	0	0	0	sc2_D10	0
85	1	0	0	0	0	sc2_D10	0
86	5	0	0	0	0	sc2_D10	0
87	2	0	0	0	0	sc2_D10	0
88	0	0	0	0	0	sc2_D10	0
89	0	0	0	0	0	sc2_D10	0
90	0	0	0	0	0	sc2_D10	0
91	0	0	0	0	0	sc2_D10	0
92	0	0	0	0	0	sc2_D10	0
93	0	0	0	0	0	sc2_D10	0
94	0	0	0	0	0	sc2_D10	0
95	0	0	0	0	0	sc2_D10	0
96	0	0	0	0	0	sc2_D10	0
97	0	0	0	0	0	sc2_D10	0
98	0	0	0	0	0	sc2_D10	0
99	0	0	0	0	0	sc2_D10	0
100	0	0	0	0	0	sc2_D10	0
0	134	409	18	236.989407	11.718372	sc2_D14	418.928905757497
1	128	13	20	7.885765	2.187118	sc2_D14	13.9397576639819
2	284	8	16	2.187168	0.773281	sc2_D14	3.8662820779488
3	334	10	19	2.324684	0.73513	sc2_D14	4.10937069584701
4	586	8	13	1.059993	0.374764	sc2_D14	1.87376184118055
5	881	18	14	1.586379	0.373913	sc2_D14	2.80426043931437
6	1734	29	16	1.298552	0.241135	sc2_D14	2.29546533457172
7	3729	35	14	0.728763	0.123183	sc2_D14	1.28824275317314
8	8141	52	15	0.495948	0.068776	sc2_D14	0.876692994774315
9	16808	92	16	0.424993	0.044309	sc2_D14	0.751265023607557
10	34763	8092	10	18.073782	0.200919	sc2_D14	31.9492327189103
11	69810	2255	11	2.508068	0.052816	sc2_D14	4.433540705916
12	130051	4109	10	2.4532	0.038271	sc2_D14	4.3365499100316
13	225313	4470	11	1.540394	0.02304	sc2_D14	2.72297222489532
14	366008	3511	12	0.744819	0.01257	sc2_D14	1.31662512939826
15	556676	15305	10	2.134722	0.017255	sc2_D14	3.77357267937489
16	800615	6283	15	0.609332	0.007687	sc2_D14	1.07712319818171
17	1090671	10709	13	0.76237	0.007367	sc2_D14	1.34765023435137
18	1418273	10901	18	0.596784	0.005716	sc2_D14	1.05494195398186
19	1774919	14213	18	0.621753	0.005215	sc2_D14	1.09907994301805
20	2152468	17474	20	0.630327	0.004768	sc2_D14	1.11423630162257
21	2542014	21284	20	0.650108	0.004456	sc2_D14	1.14920340327361
22	2928897	25846	20	0.685172	0.004262	sc2_D14	1.21118644014192
23	3296894	31049	20	0.731228	0.00415	sc2_D14	1.29260016207916
24	3640966	35181	21	0.750243	0.004	sc2_D14	1.32621319670301
25	3947965	40624	21	0.79895	0.003964	sc2_D14	1.41231312188967
26	4186891	45840	21	0.850087	0.00397	sc2_D14	1.50270858607901
27	4342177	50099	21	0.895843	0.004002	sc2_D14	1.58359199455912
28	4398905	52835	21	0.932583	0.004057	sc2_D14	1.64853771594122
29	4357284	55143	21	0.982619	0.004184	sc2_D14	1.73698692974292
30	4224385	56189	21	1.032757	0.004357	sc2_D14	1.82561645012005
31	3994228	55741	21	1.083558	0.004589	sc2_D14	1.91541796323741
32	3689416	53932	21	1.135009	0.004887	sc2_D14	2.0063684888452
33	3323630	50812	21	1.187036	0.005266	sc2_D14	2.09833721629067
34	2921606	47509	21	1.262597	0.005793	sc2_D14	2.23190726673576
35	2506143	42095	21	1.304173	0.006357	sc2_D14	2.30540164104665
36	2088773	37028	20	1.376415	0.007153	sc2_D14	2.43310465694446
37	1692915	29980	21	1.375013	0.007941	sc2_D14	2.43062632538818
38	1339228	24396	22	1.414407	0.009056	sc2_D14	2.50026355315427
39	1030095	18968	22	1.429732	0.010381	sc2_D14	2.52735373225554
40	762712	14284	22	1.454118	0.012167	sc2_D14	2.57046114547339
41	551367	10347	22	1.457082	0.014324	sc2_D14	2.57570064242975
42	391418	7761	22	1.539527	0.017475	sc2_D14	2.72143961900424
43	267733	5119	22	1.484546	0.020749	sc2_D14	2.62424907171766
44	178016	3550	22	1.548388	0.025988	sc2_D14	2.73710331081608
45	115350	2439	22	1.641741	0.033243	sc2_D14	2.9021244846915
46	74972	1638	20	1.696388	0.041915	sc2_D14	2.99872461632915
47	47573	1040	19	1.697396	0.052634	sc2_D14	3.00050646954508
48	29860	671	19	1.74479	0.067357	sc2_D14	3.08428538950107
49	19161	455	17	1.843757	0.086437	sc2_D14	3.25923049587075
50	11935	391	16	2.543693	0.12864	sc2_D14	4.49651542894913
51	7172	278	12	3.009643	0.180506	sc2_D14	5.32018061343438
52	4961	184	12	2.879778	0.2123	sc2_D14	5.09061675640428
53	3691	315	11	6.626389	0.373355	sc2_D14	11.7135441960641
54	2984	278	11	7.233632	0.433844	sc2_D14	12.7869746448727
55	1836	202	13	8.542581	0.601054	sc2_D14	15.1008188761567
56	1510	150	11	7.713025	0.629766	sc2_D14	13.6344031753715
57	1275	148	11	9.012846	0.740851	sc2_D14	15.9321117358669
58	922	93	10	7.831816	0.812121	sc2_D14	13.8443913949878
59	641	12	13	1.453562	0.419607	sc2_D14	2.56947829786619
60	530	3	15	0.439497	0.253744	sc2_D14	0.776903911547838
61	470	4	19	0.660804	0.330402	sc2_D14	1.1681108457315
62	415	8	17	1.496761	0.529185	sc2_D14	2.64584166798011
63	354	1	0	0.219335	0.219335	sc2_D14	0.387721007058854
64	323	5	14	1.201926	0.537518	sc2_D14	2.12465844087911
65	249	3	11	0.935475	0.540097	sc2_D14	1.65364993766787
66	158	1	0	0.491421	0.491421	sc2_D14	0.868690564706358
67	90	0	0	0	0	sc2_D14	0
68	21	0	0	0	0	sc2_D14	0
69	5	0	0	0	0	sc2_D14	0
70	3	0	0	0	0	sc2_D14	0
71	5	0	0	0	0	sc2_D14	0
72	4	0	0	0	0	sc2_D14	0
73	5	0	0	0	0	sc2_D14	0
74	5	0	0	0	0	sc2_D14	0
75	4	0	0	0	0	sc2_D14	0
76	9	0	0	0	0	sc2_D14	0
77	9	0	0	0	0	sc2_D14	0
78	3	0	0	0	0	sc2_D14	0
79	9	0	0	0	0	sc2_D14	0
80	3	0	0	0	0	sc2_D14	0
81	1	0	0	0	0	sc2_D14	0
82	3	0	0	0	0	sc2_D14	0
83	1	0	0	0	0	sc2_D14	0
84	2	0	0	0	0	sc2_D14	0
85	1	0	0	0	0	sc2_D14	0
86	5	0	0	0	0	sc2_D14	0
87	2	0	0	0	0	sc2_D14	0
88	0	0	0	0	0	sc2_D14	0
89	0	0	0	0	0	sc2_D14	0
90	0	0	0	0	0	sc2_D14	0
91	0	0	0	0	0	sc2_D14	0
92	0	0	0	0	0	sc2_D14	0
93	0	0	0	0	0	sc2_D14	0
94	0	0	0	0	0	sc2_D14	0
95	0	0	0	0	0	sc2_D14	0
96	0	0	0	0	0	sc2_D14	0
97	0	0	0	0	0	sc2_D14	0
98	0	0	0	0	0	sc2_D14	0
99	0	0	0	0	0	sc2_D14	0
100	0	0	0	0	0	sc2_D14	0
0	134	675	19	27.321197	1.051593	sc3_D5	744.034128191275
1	128	14	14	0.593224	0.158546	sc3_D5	16.1551816950824
2	284	27	17	0.515639	0.099235	sc3_D5	14.0423208333962
3	334	30	18	0.487164	0.088944	sc3_D5	13.2668653582848
4	586	64	18	0.592356	0.074045	sc3_D5	16.1315435791071
5	881	108	16	0.664888	0.063979	sc3_D5	18.10679683708
6	1734	226	17	0.706903	0.047023	sc3_D5	19.2509851351241
7	3729	489	17	0.711242	0.032163	sc3_D5	19.3691484821481
8	8141	1219	19	0.812132	0.023261	sc3_D5	22.1166709714891
9	16808	2401	20	0.774777	0.015812	sc3_D5	21.0993877661235
10	34763	9106	13	1.420729	0.014888	sc3_D5	38.6905033081479
11	69810	11892	19	0.923928	0.008472	sc3_D5	25.1611949502618
12	130051	22243	19	0.927642	0.00622	sc3_D5	25.2623377644695
13	225313	37409	20	0.900514	0.004656	sc3_D5	24.5235649416838
14	366008	59315	22	0.878971	0.003609	sc3_D5	23.9368876001448
15	556676	95209	19	0.927633	0.003006	sc3_D5	25.2620926687969
16	800615	129032	22	0.874127	0.002433	sc3_D5	23.8049716626052
17	1090671	176340	22	0.876916	0.002088	sc3_D5	23.8809240882447
18	1418273	227395	22	0.869605	0.001824	sc3_D5	23.6818247035726
19	1774919	284888	22	0.870555	0.001631	sc3_D5	23.7076959134534
20	2152468	345539	23	0.870685	0.001481	sc3_D5	23.7112361842792
21	2542014	410446	23	0.875747	0.001367	sc3_D5	23.8490888836651
22	2928897	476348	23	0.882106	0.001278	sc3_D5	24.0222625927514
23	3296894	542948	23	0.893211	0.001212	sc3_D5	24.3246834198317
24	3640966	611816	23	0.911391	0.001165	sc3_D5	24.8197766783927
25	3947965	674547	23	0.926701	0.001128	sc3_D5	25.2367116502612
26	4186891	728675	23	0.943937	0.001106	sc3_D5	25.7060970960565
27	4342177	769069	23	0.960635	0.001095	sc3_D5	26.1608312672034
28	4398905	796372	24	0.981911	0.0011	sc3_D5	26.7402374371234
29	4357284	807278	24	1.004866	0.001118	sc3_D5	27.365367566401
30	4224385	798835	24	1.025639	0.001148	sc3_D5	27.9310756115104
31	3994228	769183	24	1.044474	0.001191	sc3_D5	28.4440063884629
32	3689416	725565	24	1.066644	0.001252	sc3_D5	29.0477587285233
33	3323630	667293	24	1.088942	0.001333	sc3_D5	29.6549968737044
34	2921606	598260	24	1.110629	0.001436	sc3_D5	30.2455957460044
35	2506143	523798	24	1.133597	0.001566	sc3_D5	30.8710799023646
36	2088773	443765	24	1.152292	0.00173	sc3_D5	31.3801980799663
37	1692915	364610	24	1.168138	0.001935	sc3_D5	31.811729860778
38	1339228	293761	24	1.189708	0.002195	sc3_D5	32.3991424893347
39	1030095	228888	24	1.205165	0.002519	sc3_D5	32.8200806905216
40	762712	171898	24	1.222393	0.002948	sc3_D5	33.2892482734968
41	551367	125123	24	1.230827	0.00348	sc3_D5	33.5189301515333
42	391418	89578	24	1.241256	0.004147	sc3_D5	33.8029415703195
43	267733	61476	24	1.245387	0.005023	sc3_D5	33.9154404840222
44	178016	41390	24	1.261064	0.006199	sc3_D5	34.3423699127605
45	115350	26994	24	1.269259	0.007725	sc3_D5	34.565543139048
46	74972	17211	24	1.24511	0.009491	sc3_D5	33.907896983878
47	47573	11013	23	1.255584	0.011964	sc3_D5	34.193133881027
48	29860	6829	23	1.240418	0.01501	sc3_D5	33.7801204399194
49	19161	4319	23	1.222548	0.018603	sc3_D5	33.2934693656353
50	11935	2549	22	1.158372	0.022944	sc3_D5	31.5457738232034
51	7172	1406	22	1.063275	0.028357	sc3_D5	28.9560112484302
52	4961	871	22	0.952247	0.032266	sc3_D5	25.9324021003822
53	3691	635	22	0.933105	0.037029	sc3_D5	25.4111108377103
54	2984	460	20	0.836103	0.038984	sc3_D5	22.769469678913
55	1836	309	20	0.912823	0.051929	sc3_D5	24.8587741231815
56	1510	186	19	0.668093	0.048987	sc3_D5	18.1940781293621
57	1275	140	18	0.595551	0.050333	sc3_D5	16.2185525428641
58	922	92	18	0.5412	0.056424	sc3_D5	14.7384197763047
59	641	67	16	0.566914	0.06926	sc3_D5	15.4386853456468
60	530	54	15	0.55261	0.075201	sc3_D5	15.0491466233994
61	470	51	14	0.588536	0.082412	sc3_D5	16.0275140825338
62	415	58	17	0.75802	0.099533	sc3_D5	20.6430468566787
63	354	48	16	0.735426	0.10615	sc3_D5	20.0277477871558
64	323	44	14	0.738841	0.111384	sc3_D5	20.1207479784641
65	249	32	15	0.69703	0.123219	sc3_D5	18.9821151823313
66	158	20	14	0.686552	0.153518	sc3_D5	18.6967693537723
67	90	11	16	0.662904	0.199873	sc3_D5	18.0527668577079
68	21	0	0	0	0	sc3_D5	0
69	5	0	0	0	0	sc3_D5	0
70	3	0	0	0	0	sc3_D5	0
71	5	0	0	0	0	sc3_D5	0
72	4	0	0	0	0	sc3_D5	0
73	5	0	0	0	0	sc3_D5	0
74	5	0	0	0	0	sc3_D5	0
75	4	0	0	0	0	sc3_D5	0
76	9	0	0	0	0	sc3_D5	0
77	9	0	0	0	0	sc3_D5	0
78	3	0	0	0	0	sc3_D5	0
79	9	0	0	0	0	sc3_D5	0
80	3	0	0	0	0	sc3_D5	0
81	1	0	0	0	0	sc3_D5	0
82	3	0	0	0	0	sc3_D5	0
83	1	0	0	0	0	sc3_D5	0
84	2	0	0	0	0	sc3_D5	0
85	1	0	0	0	0	sc3_D5	0
86	5	0	0	0	0	sc3_D5	0
87	2	0	0	0	0	sc3_D5	0
88	0	0	0	0	0	sc3_D5	0
89	0	0	0	0	0	sc3_D5	0
90	0	0	0	0	0	sc3_D5	0
91	0	0	0	0	0	sc3_D5	0
92	0	0	0	0	0	sc3_D5	0
93	0	0	0	0	0	sc3_D5	0
94	0	0	0	0	0	sc3_D5	0
95	0	0	0	0	0	sc3_D5	0
96	0	0	0	0	0	sc3_D5	0
97	0	0	0	0	0	sc3_D5	0
98	0	0	0	0	0	sc3_D5	0
99	0	0	0	0	0	sc3_D5	0
100	0	0	0	0	0	sc3_D5	0
0	134	1274	19	20.659765	0.578816	sc3_D10	1403.58126322627
1	128	21	18	0.356509	0.077797	sc3_D10	24.2204764948457
2	284	43	16	0.329011	0.050174	sc3_D10	22.352319834971
3	334	63	17	0.409878	0.05164	sc3_D10	27.8462548343923
4	586	148	16	0.548814	0.045112	sc3_D10	37.2852763521881
5	881	181	15	0.44644	0.033184	sc3_D10	30.3302007140322
6	1734	429	14	0.537612	0.025956	sc3_D10	36.5242358800114
7	3729	747	16	0.4353	0.015927	sc3_D10	29.5733723922996
8	8141	1570	17	0.419066	0.010576	sc3_D10	28.4704683550457
9	16808	3380	18	0.43698	0.007516	sc3_D10	29.687508081753
10	34763	45853	11	2.866231	0.013385	sc3_D10	194.725744831962
11	69810	20780	14	0.646828	0.004487	sc3_D10	43.9441427010483
12	130051	39767	14	0.664462	0.003332	sc3_D10	45.1421598128467
13	225313	62509	16	0.602861	0.002411	sc3_D10	40.9571165949784
14	366008	92034	20	0.54641	0.001801	sc3_D10	37.1219536156132
15	556676	205610	14	0.802606	0.00177	sc3_D10	54.5273745056145
16	800615	226762	21	0.615471	0.001292	sc3_D10	41.8138136449828
17	1090671	336742	20	0.67091	0.001156	sc3_D10	45.5802234590345
18	1418273	439604	22	0.673539	0.001016	sc3_D10	45.758832225447
19	1774919	572803	23	0.701274	0.000927	sc3_D10	47.6430901700838
20	2152468	723306	23	0.730207	0.000859	sc3_D10	49.6087377313666
21	2542014	890509	23	0.761239	0.000807	sc3_D10	51.7169869665558
22	2928897	1072003	23	0.79534	0.000768	sc3_D10	54.0337376487286
23	3296894	1256069	23	0.827884	0.000739	sc3_D10	56.2447090044258
24	3640966	1450208	24	0.865515	0.000719	sc3_D10	58.8012805102714
25	3947965	1631529	24	0.898012	0.000703	sc3_D10	61.0090587841804
26	4186891	1802783	24	0.935648	0.000697	sc3_D10	63.565969979578
27	4342177	1937949	24	0.96983	0.000697	sc3_D10	65.8882236324923
28	4398905	2029654	24	1.002624	0.000704	sc3_D10	68.1161794657867
29	4357284	2078736	24	1.036679	0.000719	sc3_D10	70.4298050040816
30	4224385	2084880	24	1.072453	0.000743	sc3_D10	72.8602158103351
31	3994228	2030482	24	1.104656	0.000775	sc3_D10	75.0480203385897
32	3689416	1927048	24	1.134999	0.000818	sc3_D10	77.1094603535208
33	3323630	1781385	24	1.164678	0.000873	sc3_D10	79.1257895959538
34	2921606	1609006	24	1.196732	0.000943	sc3_D10	81.3034713755604
35	2506143	1411459	24	1.223836	0.00103	sc3_D10	83.1448604987419
36	2088773	1203391	24	1.251919	0.001141	sc3_D10	85.0527608361941
37	1692915	995022	24	1.277198	0.00128	sc3_D10	86.7701632729158
38	1339228	801031	24	1.299737	0.001452	sc3_D10	88.3014158351718
39	1030095	627660	24	1.324061	0.001671	sc3_D10	89.953937567472
40	762712	471111	24	1.342219	0.001956	sc3_D10	91.1875541443141
41	551367	345944	24	1.363408	0.002318	sc3_D10	92.6270905275451
42	391418	248126	24	1.377502	0.002765	sc3_D10	93.5846074365666
43	267733	169010	24	1.371738	0.003337	sc3_D10	93.1930133210848
44	178016	112923	24	1.378428	0.004102	sc3_D10	93.6475179415867
45	115350	73548	24	1.385524	0.005109	sc3_D10	94.1296053537066
46	74972	47387	24	1.373475	0.006309	sc3_D10	93.3110214714304
47	47573	29903	24	1.365888	0.007899	sc3_D10	92.7955765453096
48	29860	18680	23	1.359402	0.009946	sc3_D10	92.354931258527
49	19161	11605	23	1.316096	0.012217	sc3_D10	89.4128121112242
50	11935	6795	22	1.237165	0.015008	sc3_D10	84.0504049063159
51	7172	3936	22	1.192547	0.019009	sc3_D10	81.0191512205828
52	4961	2403	22	1.052556	0.021472	sc3_D10	71.5084552073266
53	3691	1638	21	0.964341	0.023827	sc3_D10	65.5153124423675
54	2984	1153	19	0.839636	0.024727	sc3_D10	57.0431153273164
55	1836	938	19	1.110174	0.036248	sc3_D10	75.4229017281157
56	1510	523	19	0.752637	0.032911	sc3_D10	51.1325850613902
57	1275	395	18	0.673205	0.033873	sc3_D10	45.7361409633771
58	922	260	18	0.612778	0.038003	sc3_D10	41.6308568523054
59	641	195	15	0.661055	0.047339	sc3_D10	44.9106953521516
60	530	125	14	0.512501	0.04584	sc3_D10	34.8182470122351
61	470	140	14	0.647278	0.054705	sc3_D10	43.9747147607234
62	415	126	16	0.659756	0.058776	sc3_D10	44.8224440065564
63	354	141	15	0.865519	0.07289	sc3_D10	58.801552261913
64	323	132	16	0.888039	0.077294	sc3_D10	60.3315140038716
65	249	78	15	0.6807	0.077074	sc3_D10	46.245335601742
66	158	41	18	0.563881	0.088063	sc3_D10	38.3088968480181
67	90	28	15	0.676046	0.127761	sc3_D10	45.929152566792
68	21	2	25	0.206953	0.146338	sc3_D10	14.0599543687194
69	5	0	0	0	0	sc3_D10	0
70	3	0	0	0	0	sc3_D10	0
71	5	0	0	0	0	sc3_D10	0
72	4	0	0	0	0	sc3_D10	0
73	5	0	0	0	0	sc3_D10	0
74	5	0	0	0	0	sc3_D10	0
75	4	0	0	0	0	sc3_D10	0
76	9	0	0	0	0	sc3_D10	0
77	9	0	0	0	0	sc3_D10	0
78	3	0	0	0	0	sc3_D10	0
79	9	0	0	0	0	sc3_D10	0
80	3	0	0	0	0	sc3_D10	0
81	1	0	0	0	0	sc3_D10	0
82	3	0	0	0	0	sc3_D10	0
83	1	0	0	0	0	sc3_D10	0
84	2	0	0	0	0	sc3_D10	0
85	1	0	0	0	0	sc3_D10	0
86	5	0	0	0	0	sc3_D10	0
87	2	0	0	0	0	sc3_D10	0
88	0	0	0	0	0	sc3_D10	0
89	0	0	0	0	0	sc3_D10	0
90	0	0	0	0	0	sc3_D10	0
91	0	0	0	0	0	sc3_D10	0
92	0	0	0	0	0	sc3_D10	0
93	0	0	0	0	0	sc3_D10	0
94	0	0	0	0	0	sc3_D10	0
95	0	0	0	0	0	sc3_D10	0
96	0	0	0	0	0	sc3_D10	0
97	0	0	0	0	0	sc3_D10	0
98	0	0	0	0	0	sc3_D10	0
99	0	0	0	0	0	sc3_D10	0
100	0	0	0	0	0	sc3_D10	0
0	134	1211	19	22.30783	0.64104	sc3_D14	1329.99020218931
1	128	20	14	0.38569	0.086243	sc3_D14	22.9947924599747
2	284	48	16	0.417197	0.060217	sc3_D14	24.8732360961499
3	334	41	17	0.303009	0.047322	sc3_D14	18.0653609595905
4	586	121	15	0.50969	0.046335	sc3_D14	30.3876578830783
5	881	189	14	0.529546	0.038519	sc3_D14	31.571470268894
6	1734	434	14	0.617815	0.029656	sc3_D14	36.8340576723774
7	3729	718	15	0.475281	0.017737	sc3_D14	28.3361973480495
8	8141	1511	17	0.458147	0.011786	sc3_D14	27.3146702822474
9	16808	3263	18	0.479202	0.008389	sc3_D14	28.5699669071139
10	34763	40699	11	2.889911	0.014325	sc3_D14	172.296154094734
11	69810	20583	15	0.727795	0.005073	sc3_D14	43.3910523436108
12	130051	39392	14	0.747674	0.003767	sc3_D14	44.5762359867227
13	225313	64542	16	0.707089	0.002783	sc3_D14	42.1565630577174
14	366008	96731	20	0.652369	0.002098	sc3_D14	38.8941630903607
15	556676	200388	14	0.888561	0.001985	sc3_D14	52.9759023646647
16	800615	229779	21	0.708442	0.001478	sc3_D14	42.2372287586646
17	1090671	332595	20	0.752731	0.001305	sc3_D14	44.877733732244
18	1418273	426099	22	0.741598	0.001136	sc3_D14	44.2139855809906
19	1774919	545596	22	0.758771	0.001027	sc3_D14	45.2378378222081
20	2152468	674301	23	0.773277	0.000942	sc3_D14	46.1026838369463
21	2542014	814859	23	0.791266	0.000877	sc3_D14	47.1751859022383
22	2928897	966476	23	0.814526	0.000829	sc3_D14	48.5619443678947
23	3296894	1121422	23	0.839619	0.000793	sc3_D14	50.0579860780717
24	3640966	1274178	23	0.863836	0.000765	sc3_D14	51.5018007712273
25	3947965	1424578	23	0.890699	0.000746	sc3_D14	53.1033696733308
26	4186891	1564347	23	0.922273	0.000737	sc3_D14	54.9858078416298
27	4342177	1675677	23	0.952578	0.000736	sc3_D14	56.7925883791069
28	4398905	1755995	24	0.985364	0.000744	sc3_D14	58.7472858449285
29	4357284	1795395	24	1.017096	0.000759	sc3_D14	60.6391439546537
30	4224385	1799469	24	1.051475	0.000784	sc3_D14	62.6888158932092
31	3994228	1752832	24	1.083242	0.000818	sc3_D14	64.5827606988199
32	3689416	1669761	24	1.117158	0.000865	sc3_D14	66.6048286318037
33	3323630	1548784	24	1.15026	0.000924	sc3_D14	68.5783659804777
34	2921606	1400069	24	1.182894	0.001	sc3_D14	70.5240012241677
35	2506143	1236019	24	1.217411	0.001095	sc3_D14	72.5819007065006
36	2088773	1051385	24	1.242477	0.001212	sc3_D14	74.0763326798515
37	1692915	871808	24	1.27117	0.001361	sc3_D14	75.7870059668282
38	1339228	704547	24	1.298594	0.001547	sc3_D14	77.422021622983
39	1030095	548624	24	1.314666	0.001775	sc3_D14	78.3802323736292
40	762712	410882	24	1.329764	0.002075	sc3_D14	79.2803733587745
41	551367	301639	24	1.350407	0.002459	sc3_D14	80.5111065920739
42	391418	215365	24	1.358164	0.002927	sc3_D14	80.973578020195
43	267733	147939	24	1.363951	0.003546	sc3_D14	81.3185982799007
44	178016	97723	24	1.355051	0.004335	sc3_D14	80.7879813261456
45	115350	63359	24	1.355841	0.005386	sc3_D14	80.8350810332767
46	74972	41222	23	1.357213	0.006685	sc3_D14	80.9168795119904
47	47573	25523	23	1.324308	0.008289	sc3_D14	78.9550872801579
48	29860	15922	23	1.316212	0.010431	sc3_D14	78.4724047118882
49	19161	9594	23	1.235946	0.012618	sc3_D14	73.6869552276072
50	11935	5736	22	1.186328	0.015664	sc3_D14	70.7287359004818
51	7172	3165	22	1.08931	0.019363	sc3_D14	64.9445341454925
52	4961	2057	21	1.023489	0.022567	sc3_D14	61.0202938631206
53	3691	1389	21	0.928915	0.024924	sc3_D14	55.3818031008254
54	2984	981	21	0.811499	0.025909	sc3_D14	48.3814749837356
55	1836	832	18	1.118584	0.03878	sc3_D14	66.6898465841694
56	1510	418	19	0.683309	0.033422	sc3_D14	40.7388022531899
57	1275	280	19	0.542083	0.032396	sc3_D14	32.3189247350993
58	922	193	18	0.516707	0.037193	sc3_D14	30.8060105981906
59	641	136	16	0.52372	0.044909	sc3_D14	31.224124833773
60	530	95	15	0.442452	0.045395	sc3_D14	26.3789362272828
61	470	81	15	0.425407	0.047267	sc3_D14	25.3627153310183
62	415	98	17	0.582903	0.058882	sc3_D14	34.752608336479
63	354	90	17	0.627563	0.066151	sc3_D14	37.4152322864453
64	323	74	15	0.565519	0.06574	sc3_D14	33.7161763000659
65	249	67	14	0.664192	0.081144	sc3_D14	39.5990489605006
66	158	20	20	0.312457	0.069868	sc3_D14	18.628649608925
67	90	30	15	0.822805	0.150223	sc3_D14	49.0555373746518
68	21	2	0	0.235087	0.166232	sc3_D14	14.015859304203
69	5	0	0	0	0	sc3_D14	0
70	3	0	0	0	0	sc3_D14	0
71	5	0	0	0	0	sc3_D14	0
72	4	0	0	0	0	sc3_D14	0
73	5	0	0	0	0	sc3_D14	0
74	5	0	0	0	0	sc3_D14	0
75	4	0	0	0	0	sc3_D14	0
76	9	0	0	0	0	sc3_D14	0
77	9	0	0	0	0	sc3_D14	0
78	3	0	0	0	0	sc3_D14	0
79	9	0	0	0	0	sc3_D14	0
80	3	0	0	0	0	sc3_D14	0
81	1	0	0	0	0	sc3_D14	0
82	3	0	0	0	0	sc3_D14	0
83	1	0	0	0	0	sc3_D14	0
84	2	0	0	0	0	sc3_D14	0
85	1	0	0	0	0	sc3_D14	0
86	5	0	0	0	0	sc3_D14	0
87	2	0	0	0	0	sc3_D14	0
88	0	0	0	0	0	sc3_D14	0
89	0	0	0	0	0	sc3_D14	0
90	0	0	0	0	0	sc3_D14	0
91	0	0	0	0	0	sc3_D14	0
92	0	0	0	0	0	sc3_D14	0
93	0	0	0	0	0	sc3_D14	0
94	0	0	0	0	0	sc3_D14	0
95	0	0	0	0	0	sc3_D14	0
96	0	0	0	0	0	sc3_D14	0
97	0	0	0	0	0	sc3_D14	0
98	0	0	0	0	0	sc3_D14	0
99	0	0	0	0	0	sc3_D14	0
100	0	0	0	0	0	sc3_D14	0
0	134	2199	19	30.345953	0.647125	sc4_D5	2425.84004289048
1	128	65	15	0.939039	0.116473	sc4_D5	75.066299879784
2	284	97	18	0.631588	0.064128	sc4_D5	50.4888233699272
3	334	151	17	0.836009	0.068033	sc4_D5	66.8301341011378
4	586	244	16	0.769968	0.049292	sc4_D5	61.5508501625998
5	881	387	16	0.812298	0.041291	sc4_D5	64.9346888252232
6	1734	757	17	0.807285	0.029341	sc4_D5	64.5339521558225
7	3729	1664	18	0.825166	0.020229	sc4_D5	65.9633501980236
8	8141	3812	19	0.865876	0.014024	sc4_D5	69.2176868848981
9	16808	7873	20	0.866173	0.009762	sc4_D5	69.2414289137854
10	34763	25758	14	1.370172	0.008537	sc4_D5	109.530852540612
11	69810	34883	19	0.92401	0.004947	sc4_D5	73.864889266494
12	130051	65099	20	0.925638	0.003628	sc4_D5	73.9950307581725
13	225313	112159	21	0.920509	0.002749	sc4_D5	73.5850211077922
14	366008	176548	22	0.891975	0.002123	sc4_D5	71.3040276658055
15	556676	280095	19	0.930429	0.001758	sc4_D5	74.3780208605261
16	800615	383784	22	0.886428	0.001431	sc4_D5	70.8606033081024
17	1090671	523623	22	0.88778	0.001227	sc4_D5	70.9686815002089
18	1418273	673646	22	0.878319	0.00107	sc4_D5	70.2123739739372
19	1774919	840833	23	0.876015	0.000955	sc4_D5	70.0281933862055
20	2152468	1024132	23	0.879832	0.000869	sc4_D5	70.3333224241273
21	2542014	1214557	23	0.883528	0.000802	sc4_D5	70.6287787836137
22	2928897	1411696	23	0.891287	0.00075	sc4_D5	71.2490292958578
23	3296894	1607510	23	0.901631	0.000711	sc4_D5	72.0759233928618
24	3640966	1804795	23	0.916625	0.000682	sc4_D5	73.2745361239597
25	3947965	1989343	23	0.931787	0.000661	sc4_D5	74.4865786895798
26	4186891	2147875	24	0.948632	0.000647	sc4_D5	75.8331594188945
27	4342177	2269419	24	0.966468	0.000642	sc4_D5	77.2589601839914
28	4398905	2342098	24	0.984557	0.000643	sc4_D5	78.7049856403627
29	4357284	2362798	24	1.002746	0.000652	sc4_D5	80.1590050458542
30	4224385	2342194	24	1.025273	0.00067	sc4_D5	81.9598019641845
31	3994228	2256457	24	1.044659	0.000695	sc4_D5	83.509508940646
32	3689416	2120528	24	1.062837	0.00073	sc4_D5	84.9626490117343
33	3323630	1943526	24	1.081329	0.000776	sc4_D5	86.4408900830604
34	2921606	1740155	24	1.101404	0.000835	sc4_D5	88.0456753689609
35	2506143	1517875	24	1.119981	0.000909	sc4_D5	89.5307112970392
36	2088773	1286304	24	1.138761	0.001004	sc4_D5	91.0319749418317
37	1692915	1059930	24	1.15777	0.001125	sc4_D5	92.5515447301098
38	1339228	850241	24	1.173999	0.001273	sc4_D5	93.8488827328434
39	1030095	662233	24	1.188814	0.001461	sc4_D5	95.033186295016
40	762712	494906	24	1.199893	0.001706	sc4_D5	95.9188359180542
41	551367	363479	24	1.219043	0.002022	sc4_D5	97.4496771745918
42	391418	259885	24	1.227781	0.002408	sc4_D5	98.1481884487237
43	267733	177789	24	1.227958	0.002912	sc4_D5	98.1623377386667
44	178016	117911	24	1.22483	0.003567	sc4_D5	97.9122870101837
45	115350	77060	24	1.235355	0.00445	sc4_D5	98.7536501550953
46	74972	49555	24	1.222274	0.005491	sc4_D5	97.7079616706688
47	47573	30904	24	1.201253	0.006833	sc4_D5	96.0275536260903
48	29860	19448	23	1.204385	0.008636	sc4_D5	96.2779241125381
49	19161	12134	23	1.171025	0.010631	sc4_D5	93.6111426860057
50	11935	7112	23	1.101919	0.013066	sc4_D5	88.0868442069304
51	7172	4144	23	1.068464	0.016598	sc4_D5	85.4124685287337
52	4961	2677	22	0.997837	0.019286	sc4_D5	79.7665820835386
53	3691	1747	22	0.875244	0.02094	sc4_D5	69.9665600384879
54	2984	1284	21	0.795695	0.022206	sc4_D5	63.6074534527796
55	1836	810	19	0.815817	0.028665	sc4_D5	65.2159958947666
56	1510	468	19	0.573125	0.026493	sc4_D5	45.8153208957255
57	1275	376	19	0.545328	0.028123	sc4_D5	43.5932428587554
58	922	244	18	0.489372	0.031329	sc4_D5	39.1201486889998
59	641	192	17	0.55389	0.039974	sc4_D5	44.2776847824356
60	530	132	14	0.460552	0.040086	sc4_D5	36.816292552529
61	470	131	15	0.515411	0.045032	sc4_D5	41.201693100435
62	415	138	16	0.61491	0.052345	sc4_D5	49.1555925356433
63	354	150	16	0.783553	0.063977	sc4_D5	62.6368281505927
64	323	127	15	0.727079	0.064518	sc4_D5	58.1223253243939
65	249	85	16	0.631248	0.068468	sc4_D5	50.4616439429181
66	158	40	18	0.468148	0.074021	sc4_D5	37.4235129277071
67	90	32	15	0.657488	0.116229	sc4_D5	52.5592561920851
68	21	3	14	0.264169	0.152518	sc4_D5	21.1175354516081
69	5	0	0	0	0	sc4_D5	0
70	3	0	0	0	0	sc4_D5	0
71	5	0	0	0	0	sc4_D5	0
72	4	0	0	0	0	sc4_D5	0
73	5	0	0	0	0	sc4_D5	0
74	5	0	0	0	0	sc4_D5	0
75	4	0	0	0	0	sc4_D5	0
76	9	0	0	0	0	sc4_D5	0
77	9	0	0	0	0	sc4_D5	0
78	3	0	0	0	0	sc4_D5	0
79	9	0	0	0	0	sc4_D5	0
80	3	0	0	0	0	sc4_D5	0
81	1	0	0	0	0	sc4_D5	0
82	3	0	0	0	0	sc4_D5	0
83	1	0	0	0	0	sc4_D5	0
84	2	0	0	0	0	sc4_D5	0
85	1	0	0	0	0	sc4_D5	0
86	5	0	0	0	0	sc4_D5	0
87	2	0	0	0	0	sc4_D5	0
88	0	0	0	0	0	sc4_D5	0
89	0	0	0	0	0	sc4_D5	0
90	0	0	0	0	0	sc4_D5	0
91	0	0	0	0	0	sc4_D5	0
92	0	0	0	0	0	sc4_D5	0
93	0	0	0	0	0	sc4_D5	0
94	0	0	0	0	0	sc4_D5	0
95	0	0	0	0	0	sc4_D5	0
96	0	0	0	0	0	sc4_D5	0
97	0	0	0	0	0	sc4_D5	0
98	0	0	0	0	0	sc4_D5	0
99	0	0	0	0	0	sc4_D5	0
100	0	0	0	0	0	sc4_D5	0
0	134	1186	19	23.970918	0.696053	sc4_D10	1310.55481501995
1	128	21	15	0.444339	0.096963	sc4_D10	24.2932129654422
2	284	53	18	0.505431	0.069426	sc4_D10	27.6332775703605
3	334	54	18	0.437877	0.059588	sc4_D10	23.9399179762949
4	586	103	16	0.476041	0.046906	sc4_D10	26.0264469094139
5	881	137	17	0.421162	0.035982	sc4_D10	23.0260637912755
6	1734	374	17	0.584154	0.030206	sc4_D10	31.9372765537459
7	3729	755	18	0.548352	0.019957	sc4_D10	29.9798845386656
8	8141	1766	19	0.587513	0.01398	sc4_D10	32.1209221539541
9	16808	3932	20	0.633581	0.010104	sc4_D10	34.6395841100102
10	34763	12435	14	0.968798	0.008688	sc4_D10	52.9668026765475
11	69810	17599	19	0.682771	0.005147	sc4_D10	37.3289342363104
12	130051	33774	19	0.703353	0.003827	sc4_D10	38.4542077532754
13	225313	58827	20	0.707123	0.002915	sc4_D10	38.6603238332947
14	366008	95243	21	0.70477	0.002284	sc4_D10	38.5316789695585
15	556676	155225	19	0.755203	0.001917	sc4_D10	41.2889872622948
16	800615	221815	21	0.750364	0.001593	sc4_D10	41.0244260656864
17	1090671	311205	21	0.772783	0.001385	sc4_D10	42.2501333330482
18	1418273	411095	22	0.785032	0.001224	sc4_D10	42.9198192386601
19	1774919	527377	22	0.804725	0.001108	sc4_D10	43.9964887250848
20	2152468	650663	22	0.818699	0.001015	sc4_D10	44.7604850386631
21	2542014	786192	22	0.837636	0.000945	sc4_D10	45.7958219636834
22	2928897	927918	22	0.858045	0.000891	sc4_D10	46.9116371035016
23	3296894	1072449	22	0.881001	0.000851	sc4_D10	48.1667036109086
24	3640966	1217204	22	0.905423	0.000821	sc4_D10	49.5019202969119
25	3947965	1349414	22	0.925714	0.000797	sc4_D10	50.6112840580983
26	4186891	1471556	23	0.951897	0.000785	sc4_D10	52.0427793692777
27	4342177	1565850	23	0.976669	0.00078	sc4_D10	53.3971315003757
28	4398905	1626886	23	1.001653	0.000785	sc4_D10	54.7630742439309
29	4357284	1651158	23	1.026308	0.000799	sc4_D10	56.1110296690973
30	4224385	1640008	23	1.051447	0.000821	sc4_D10	57.4854466811944
31	3994228	1581399	23	1.072293	0.000853	sc4_D10	58.6251537910309
32	3689416	1491423	23	1.094833	0.000896	sc4_D10	59.8574764551253
33	3323630	1370519	23	1.116805	0.000954	sc4_D10	61.0587450254662
34	2921606	1227905	23	1.138277	0.001027	sc4_D10	62.2326772456719
35	2506143	1075720	23	1.162514	0.001121	sc4_D10	63.5577794821252
36	2088773	911003	23	1.181227	0.001238	sc4_D10	64.5808697222849
37	1692915	747777	23	1.196304	0.001383	sc4_D10	65.4051700242615
38	1339228	601975	23	1.217387	0.001569	sc4_D10	66.557834564062
39	1030095	467845	23	1.230069	0.001798	sc4_D10	67.251193748891
40	762712	349568	23	1.241297	0.002099	sc4_D10	67.8650588275269
41	551367	255927	23	1.25713	0.002485	sc4_D10	68.7306916909078
42	391418	183070	23	1.266722	0.002961	sc4_D10	69.2551122319014
43	267733	124872	23	1.263188	0.003575	sc4_D10	69.0618989091458
44	178016	83019	23	1.263058	0.004384	sc4_D10	69.0547914581107
45	115350	53750	23	1.262018	0.005443	sc4_D10	68.9979318498295
46	74972	34761	23	1.255735	0.006735	sc4_D10	68.6544232740306
47	47573	22065	23	1.256169	0.008457	sc4_D10	68.678151225948
48	29860	13372	23	1.212862	0.010488	sc4_D10	66.3104405953385
49	19161	8466	22	1.196644	0.013005	sc4_D10	65.4237587423534
50	11935	4928	23	1.118286	0.01593	sc4_D10	61.1397152945666
51	7172	2738	21	1.033946	0.01976	sc4_D10	56.5286197537625
52	4961	1814	22	0.990314	0.023252	sc4_D10	54.1431404955651
53	3691	1157	21	0.848973	0.024959	sc4_D10	46.4156463666487
54	2984	892	20	0.809601	0.027107	sc4_D10	44.2630728116032
55	1836	521	18	0.768546	0.033671	sc4_D10	42.0184851020025
56	1510	352	18	0.63135	0.033651	sc4_D10	34.5176093157069
57	1275	286	17	0.60752	0.035923	sc4_D10	33.2147588682637
58	922	183	17	0.537558	0.039737	sc4_D10	29.3897474119471
59	641	142	15	0.599978	0.050349	sc4_D10	32.8024173628244
60	530	113	15	0.577441	0.054321	sc4_D10	31.5702587168308
61	470	98	14	0.56472	0.057045	sc4_D10	30.8747672966913
62	415	81	17	0.528618	0.058735	sc4_D10	28.9009734715299
63	354	111	15	0.849228	0.080605	sc4_D10	46.4295879052177
64	323	92	15	0.771419	0.080426	sc4_D10	42.1755597698793
65	249	52	14	0.565599	0.078434	sc4_D10	30.9228246002289
66	158	23	16	0.394253	0.082208	sc4_D10	21.5548760996997
67	90	13	17	0.391206	0.108501	sc4_D10	21.3882883819758
68	21	0	0	0	0	sc4_D10	0
69	5	0	0	0	0	sc4_D10	0
70	3	0	0	0	0	sc4_D10	0
71	5	0	0	0	0	sc4_D10	0
72	4	0	0	0	0	sc4_D10	0
73	5	0	0	0	0	sc4_D10	0
74	5	0	0	0	0	sc4_D10	0
75	4	0	0	0	0	sc4_D10	0
76	9	0	0	0	0	sc4_D10	0
77	9	0	0	0	0	sc4_D10	0
78	3	0	0	0	0	sc4_D10	0
79	9	0	0	0	0	sc4_D10	0
80	3	0	0	0	0	sc4_D10	0
81	1	0	0	0	0	sc4_D10	0
82	3	0	0	0	0	sc4_D10	0
83	1	0	0	0	0	sc4_D10	0
84	2	0	0	0	0	sc4_D10	0
85	1	0	0	0	0	sc4_D10	0
86	5	0	0	0	0	sc4_D10	0
87	2	0	0	0	0	sc4_D10	0
88	0	0	0	0	0	sc4_D10	0
89	0	0	0	0	0	sc4_D10	0
90	0	0	0	0	0	sc4_D10	0
91	0	0	0	0	0	sc4_D10	0
92	0	0	0	0	0	sc4_D10	0
93	0	0	0	0	0	sc4_D10	0
94	0	0	0	0	0	sc4_D10	0
95	0	0	0	0	0	sc4_D10	0
96	0	0	0	0	0	sc4_D10	0
97	0	0	0	0	0	sc4_D10	0
98	0	0	0	0	0	sc4_D10	0
99	0	0	0	0	0	sc4_D10	0
100	0	0	0	0	0	sc4_D10	0
0	134	1566	19	23.709218	0.59913	sc4_D14	1709.08174811936
1	128	62	15	0.98268	0.1248	sc4_D14	70.836602550195
2	284	102	17	0.728638	0.072146	sc4_D14	52.5239553150252
3	334	144	16	0.874674	0.07289	sc4_D14	63.050977428043
4	586	209	15	0.723567	0.05005	sc4_D14	52.1584116878709
5	881	331	16	0.762224	0.041896	sc4_D14	54.9450060469531
6	1734	675	15	0.789741	0.030397	sc4_D14	56.9285722051874
7	3729	1368	17	0.744259	0.020122	sc4_D14	53.6499969241315
8	8141	2983	19	0.743371	0.013611	sc4_D14	53.5859853404374
9	16808	6367	19	0.768509	0.009631	sc4_D14	55.3980610058695
10	34763	42198	11	2.462662	0.011988	sc4_D14	177.521277841686
11	69810	31235	16	0.907725	0.005136	sc4_D14	65.4334626224974
12	130051	57858	16	0.902568	0.003752	sc4_D14	65.0617196753006
13	225313	93001	18	0.837397	0.002746	sc4_D14	60.3638605301071
14	366008	139241	21	0.771804	0.002068	sc4_D14	55.6355814656355
15	556676	253150	16	0.922584	0.001834	sc4_D14	66.5045753726229
16	800615	303919	21	0.770131	0.001397	sc4_D14	55.5149830652748
17	1090671	421434	20	0.78391	0.001208	sc4_D14	56.5082438892858
18	1418273	535001	22	0.765288	0.001046	sc4_D14	55.1658748447446
19	1774919	669944	22	0.765756	0.000936	sc4_D14	55.1996106793942
20	2152468	816067	23	0.769165	0.000851	sc4_D14	55.4453488424724
21	2542014	974339	23	0.777611	0.000788	sc4_D14	56.0541797387346
22	2928897	1143969	23	0.792393	0.000741	sc4_D14	57.1197419348686
23	3296894	1315450	23	0.809468	0.000706	sc4_D14	58.3505953037624
24	3640966	1495215	23	0.833139	0.000681	sc4_D14	60.0569221028889
25	3947965	1670793	23	0.858578	0.000664	sc4_D14	61.8906953884696
26	4186891	1836459	23	0.889856	0.000657	sc4_D14	64.1453736708861
27	4342177	1973169	23	0.921907	0.000656	sc4_D14	66.4557737485678
28	4398905	2077046	24	0.957926	0.000665	sc4_D14	69.0522075696036
29	4357284	2135175	24	0.994141	0.00068	sc4_D14	71.6627700735269
30	4224385	2153982	24	1.034448	0.000705	sc4_D14	74.568304875284
31	3994228	2114790	24	1.074149	0.000739	sc4_D14	77.4301560962769
32	3689416	2027353	24	1.114813	0.000783	sc4_D14	80.3614252847219
33	3323630	1894374	24	1.156334	0.00084	sc4_D14	83.3544714182411
34	2921606	1732627	24	1.203133	0.000914	sc4_D14	86.7279827980866
35	2506143	1541793	24	1.248103	0.001005	sc4_D14	89.9696504993549
36	2088773	1325182	24	1.287107	0.001118	sc4_D14	92.7812583939572
37	1692915	1105884	24	1.325271	0.00126	sc4_D14	95.5323147904704
38	1339228	902410	24	1.367035	0.001439	sc4_D14	98.5428776073654
39	1030095	710033	24	1.3984	0.00166	sc4_D14	100.803827294941
40	762712	535580	24	1.424604	0.001947	sc4_D14	102.692745694853
41	551367	397200	24	1.4615	0.002319	sc4_D14	105.352398163298
42	391418	286864	24	1.486844	0.002776	sc4_D14	107.179323362786
43	267733	196715	24	1.490616	0.003361	sc4_D14	107.451228423252
44	178016	130447	24	1.486638	0.004116	sc4_D14	107.16447382873
45	115350	85764	24	1.508404	0.005151	sc4_D14	108.733478480405
46	74972	54872	23	1.484848	0.006339	sc4_D14	107.035441469707
47	47573	34275	23	1.461663	0.007895	sc4_D14	105.364148037332
48	29860	21652	23	1.471087	0.009997	sc4_D14	106.043478177798
49	19161	12685	23	1.343082	0.011925	sc4_D14	96.816222805309
50	11935	7694	22	1.307856	0.01491	sc4_D14	94.2769524818739
51	7172	4455	22	1.260195	0.018881	sc4_D14	90.8413037313703
52	4961	2750	22	1.124589	0.021445	sc4_D14	81.0661293862918
53	3691	1858	22	1.02125	0.023692	sc4_D14	73.616925504118
54	2984	1389	20	0.944352	0.025339	sc4_D14	68.073724194531
55	1836	846	18	0.93482	0.03214	sc4_D14	67.3866088614537
56	1510	538	20	0.722829	0.031163	sc4_D14	52.1052128716926
57	1275	386	20	0.614197	0.031262	sc4_D14	44.2744624664409
58	922	223	19	0.490687	0.032859	sc4_D14	35.3712296938449
59	641	142	16	0.449428	0.037715	sc4_D14	32.3970698609202
60	530	92	15	0.352162	0.036715	sc4_D14	25.3856388929069
61	470	111	15	0.479132	0.045477	sc4_D14	34.5382861695364
62	415	99	18	0.483969	0.048641	sc4_D14	34.8869618793659
63	354	146	17	0.836719	0.069247	sc4_D14	60.3149868209352
64	323	104	15	0.653222	0.064054	sc4_D14	47.0875841484954
65	249	62	16	0.505153	0.064154	sc4_D14	36.4140129930788
66	158	40	14	0.51361	0.081209	sc4_D14	37.0236368256255
67	90	22	12	0.495919	0.10573	sc4_D14	35.7483790247997
68	21	0	0	0	0	sc4_D14	0
69	5	0	0	0	0	sc4_D14	0
70	3	0	0	0	0	sc4_D14	0
71	5	0	0	0	0	sc4_D14	0
72	4	0	0	0	0	sc4_D14	0
73	5	0	0	0	0	sc4_D14	0
74	5	0	0	0	0	sc4_D14	0
75	4	0	0	0	0	sc4_D14	0
76	9	0	0	0	0	sc4_D14	0
77	9	0	0	0	0	sc4_D14	0
78	3	0	0	0	0	sc4_D14	0
79	9	0	0	0	0	sc4_D14	0
80	3	0	0	0	0	sc4_D14	0
81	1	0	0	0	0	sc4_D14	0
82	3	0	0	0	0	sc4_D14	0
83	1	0	0	0	0	sc4_D14	0
84	2	0	0	0	0	sc4_D14	0
85	1	0	0	0	0	sc4_D14	0
86	5	0	0	0	0	sc4_D14	0
87	2	0	0	0	0	sc4_D14	0
88	0	0	0	0	0	sc4_D14	0
89	0	0	0	0	0	sc4_D14	0
90	0	0	0	0	0	sc4_D14	0
91	0	0	0	0	0	sc4_D14	0
92	0	0	0	0	0	sc4_D14	0
93	0	0	0	0	0	sc4_D14	0
94	0	0	0	0	0	sc4_D14	0
95	0	0	0	0	0	sc4_D14	0
96	0	0	0	0	0	sc4_D14	0
97	0	0	0	0	0	sc4_D14	0
98	0	0	0	0	0	sc4_D14	0
99	0	0	0	0	0	sc4_D14	0
100	0	0	0	0	0	sc4_D14	0
