Sample	Total pairs (M)	Mapped pairs (M)	Mapping rate (%)	COV	COV20 (%)	Scaffold COV	Scaffold COV20 (%)
aDNA	10.00E+06	10.00E+06	100.00	41.57	99.02	41.43	90.68
mcDNA	13.56E+06	10.92E+06	80.28	45.23	95.89	31.39	53.97
sc1_D5	20.77E+06	19.35E+06	92.92	79.78	92.92	39.10	44.81
sc1_D10	20.74E+06	20.25E+06	97.16	83.28	91.09	39.26	40.33
sc1_D14	12.13E+06	11.21E+06	92.11	46.06	87.66	24.11	37.04
sc2_D5	7.69E+06	7.23E+06	93.76	29.77	74.66	15.04	27.54
sc2_D10	15.12E+06	14.69E+06	96.59	60.25	88.15	30.36	37.18
sc3_D5	7.87E+06	6.62E+06	83.90	27.23	71.48	13.76	25.51
sc3_D10	17.28E+06	16.62E+06	95.29	67.94	90.61	37.49	40.29
sc3_D14	15.27E+06	14.71E+06	94.96	59.62	88.99	34.35	38.48
sc4_D5	20.79E+06	19.41E+06	93.10	79.94	94.16	39.25	46.45
sc4_D10	14.04E+06	13.27E+06	94.11	54.67	90.49	25.47	38.34
sc4_D14	18.35E+06	17.77E+06	96.14	72.09	89.00	44.75	39.84
